           1   41.000000000000000     
           2   225.81697221880310     
           3   86.857206564523807     
           4   51.132237244134615     
           5   34.046010114870221     
           6   24.058743610113105     
           7   17.077775594209250     
           8   12.822497089757869     
           9   10.110980893486728     
          10   8.4122505575817303     
          11   7.2289720502539545     
          12   6.3617916434750406     
          13   5.6768489536637281     
          14   5.1196270866275144     
          15   4.6523560024924970     
          16   4.2551447350540306     
          17   3.9128008039663968     
          18   3.6151676397113497     
          19   3.3541919323516849     
          20   3.1238199622564684     
          21   2.9191815228183242     
          22   2.7364162935421170     
          23   2.5723743445985749     
          24   2.4244847053482497     
          25   2.2906171486285385     
          26   2.1689974600516808     
          27   2.0581334286608191     
          28   1.9567620938431072     
          29   1.8638064827415910     
          30   1.7783425778589452     
          31   1.6995726406596026     
          32   1.6268041348176401     
          33   1.5594326672732317     
          34   1.4969282345963226     
          35   1.4388239963334593     
          36   1.3847070872448073     
          37   1.3342110357782404     
          38   1.2870094767110083     
          39   1.2428109006129175     
          40   1.2013542431927764     
          41   1.1624051558018946     
          42   1.1257528324135577     
          43   1.0912072930798418     
          44   1.0585970442621992     
          45   1.0277670520561164     
          46  0.99857697690707603     
          47  0.97089962826652731     
          48  0.94461960550102331     
          49  0.91963209758812492     
          50  0.89584181909174698     
          51  0.87316206385565420     
          52  0.85151386100764137     
          53  0.83082522039235329     
          54  0.81103045658167128     
          55  0.79206958225207325     
          56  0.77388776305101936     
          57  0.75643482716411081     
          58  0.73966482369216591     
          59  0.72353562469278321     
          60  0.70800856636509768     
          61  0.69304812538393701     
          62  0.67862162683943383     
          63  0.66469898062483956     
          64  0.65125244345075672     
          65  0.63825640395697869     
          66  0.62568718865090400     
          67  0.61352288662939658     
          68  0.60174319124391529     
          69  0.59032925704963402     
          70  0.57926357054164734     
          71  0.56852983332714091     
          72  0.55811285651369469     
          73  0.54799846521239459     
          74  0.53817341216139514     
          75  0.52862529957225524     
          76  0.51934250838888985     
          77  0.51031413422815397     
          78  0.50152992934260110     
          79  0.49298025001086476     
          80  0.48465600881968168     
          81  0.47654863135463116     
          82  0.46865001686459867     
          83  0.46095250250829556     
          84  0.45344883083031146     
          85  0.44613212014952408     
          86  0.43899583757451249     
          87  0.43203377438947133     
          88  0.42524002357988572     
          89  0.41860895929072545     
          90  0.41213521803076242     
          91  0.40581368145561869     
          92  0.39963946057905370     
          93  0.39360788127732266     
          94  0.38771447096509692     
          95  0.38195494633371185     
          96  0.37632520205359871     
          97  0.37082130035259975     
          98  0.36543946139070366     
          99  0.36017605435975741     
         100  0.35502758924374317     
         101  0.34999070918160774     
         102  0.34506218338033784     
         103  0.34023890053106598     
         104  0.33551786268558809     
         105  0.33089617955471351     
         106  0.32637106319358189     
         107  0.32193982304238433     
         108  0.31759986129373563     
         109  0.31334866856081278     
         110  0.30918381982249060     
         111  0.30510297062404207     
         112  0.30110385351372698     
         113  0.29718427469741460     
         114  0.29334211089489792     
         115  0.28957530638291301     
         116  0.28588187021120420     
         117  0.28225987357909316     
         118  0.27870744736098635     
         119  0.27522277977026222     
         120  0.27180411415179762     
         121  0.26844974689414675     
         122  0.26515802545310679     
         123  0.26192734647903598     
         124  0.25875615404088254     
         125  0.25564293794040016     
         126  0.25258623211052156     
         127  0.24958461309234034     
         128  0.24663669858548173     
         129  0.24374114606713435     
         130  0.24089665147526765     
         131  0.23810194795193274     
         132  0.23535580464283096     
         133  0.23265702554959633     
         134  0.23000444843151649     
         135  0.22739694375363165     
         136  0.22483341367837748     
         137  0.22231279109812199     
         138  0.21983403870619903     
         139  0.21739614810409802     
         140  0.21499813894277037     
         141  0.21263905809602510     
         142  0.21031797886425654     
         143  0.20803400020676460     
         144  0.20578624600112441     
         145  0.20357386432813135     
         146  0.20139602678098295     
         147  0.19925192779742157     
         148  0.19714078401366997     
         149  0.19506183363909485     
         150  0.19301433585054906     
         151  0.19099757020550615     
         152  0.18901083607306041     
         153  0.18705345208202082     
         154  0.18512475558533276     
         155  0.18322410214010745     
         156  0.18135086500264683     
         157  0.17950443463779509     
         158  0.17768421824211822     
         159  0.17588963928032678     
         160  0.17412013703445650     
         161  0.17237516616538515     
         162  0.17065419628619530     
         163  0.16895671154701139     
         164  0.16728221023093368     
         165  0.16563020436068462     
         166  0.16400021931566292     
         167  0.16239179345906679     
         168  0.16080447777479334     
         169  0.15923783551383866     
         170  0.15769144184992154     
         171  0.15616488354408475     
         172  0.15465775861800904     
         173  0.15316967603585727     
         174  0.15170025539437476     
         175  0.15024912662107423     
         176  0.14881592968028270     
         177  0.14740031428687830     
         178  0.14600193962748698     
         179  0.14462047408902801     
         180  0.14325559499436635     
         181  0.14190698834495322     
         182  0.14057434857025727     
         183  0.13925737828386611     
         184  0.13795578804606229     
         185  0.13666929613276571     
         186  0.13539762831066454     
         187  0.13414051761841023     
         188  0.13289770415374011     
         189  0.13166893486637798     
         190  0.13045396335659881     
         191  0.12925254967930452     
         192  0.12806446015350881     
         193  0.12688946717709007     
         194  0.12572734904670071     
         195  0.12457788978269252     
         196  0.12344087895897159     
         197  0.12231611153763464     
         198  0.12120338770830975     
         199  0.12010251273204862     
         200  0.11901329678968391     
         201  0.11793555483455691     
         202  0.11686910644947036     
         203  0.11581377570780765     
         204  0.11476939103867545     
         205  0.11373578509599824     
         206  0.11271279463145505     
         207  0.11170026037115664     
         208  0.11069802689597477     
         209  0.10970594252543654     
         210  0.10872385920506562     
         211  0.10775163239711481     
         212  0.10678912097458475     
         213  0.10583618711842728     
         214  0.10489269621787511     
         215  0.10395851677381007     
         216  0.10303352030505528     
         217  0.10211758125756504     
         218  0.10121057691639009     
         219  0.10031238732035783     
         220   9.9422895179395981E-002
         221   9.8541985794415130E-002
         222   9.7669546979694544E-002
         223   9.6805468987678292E-002
         224   9.5949644436133491E-002
         225   9.5101968237597978E-002
         226   9.4262337531030110E-002
         227   9.3430651615644122E-002
         228   9.2606811886812454E-002
         229   9.1790721774016912E-002
         230   9.0982286680763372E-002
         231   9.0181413926412268E-002
         232   8.9388012689873994E-002
         233   8.8601993955091995E-002
         234   8.7823270458286834E-002
         235   8.7051756636886857E-002
         236   8.6287368580101304E-002
         237   8.5530023981090567E-002
         238   8.4779642090682963E-002
         239   8.4036143672577418E-002
         240   8.3299450960009722E-002
         241   8.2569487613818618E-002
         242   8.1846178681863876E-002
         243   8.1129450559787139E-002
         244   8.0419230953017826E-002
         245   7.9715448840052619E-002
         246   7.9018034436901335E-002
         247   7.8326919162706052E-002
         248   7.7642035606494755E-002
         249   7.6963317494995534E-002
         250   7.6290699661520953E-002
         251   7.5624118015879011E-002
         252   7.4963509515239543E-002
         253   7.4308812135985503E-002
         254   7.3659964846466669E-002
         255   7.3016907580647758E-002
         256   7.2379581212635311E-002
         257   7.1747927532008440E-002
         258   7.1121889220001747E-002
         259   7.0501409826410150E-002
         260   6.9886433747311891E-002
         261   6.9276906203463495E-002
         262   6.8672773219447814E-002
         263   6.8073981603470016E-002
         264   6.7480478927828158E-002
         265   6.6892213510018159E-002
         266   6.6309134394450089E-002
         267   6.5731191334771788E-002
         268   6.5158334776751703E-002
         269   6.4590515841727064E-002
         270   6.4027686310585030E-002
         271   6.3469798608260547E-002
         272   6.2916805788739386E-002
         273   6.2368661520548437E-002
         274   6.1825320072692563E-002
         275   6.1286736301076339E-002
         276   6.0752865635330153E-002
         277   6.0223664066076460E-002
         278   5.9699088132593225E-002
         279   5.9179094910870068E-002
         280   5.8663642002061540E-002
         281   5.8152687521266781E-002
         282   5.7646190086709674E-002
         283   5.7144108809222487E-002
         284   5.6646403282081474E-002
         285   5.6153033571151693E-002
         286   5.5663960205332229E-002
         287   5.5179144167317770E-002
         288   5.4698546884621370E-002
         289   5.4222130220893887E-002
         290   5.3749856467499933E-002
         291   5.3281688335347778E-002
         292   5.2817588946979112E-002
         293   5.2357521828886151E-002
         294   5.1901450904065748E-002
         295   5.1449340484804630E-002
         296   5.1001155265658502E-002
         297   5.0556860316665231E-002
         298   5.0116421076734620E-002
         299   4.9679803347252340E-002
         300   4.9246973285853264E-002
         301   4.8817897400393641E-002
         302   4.8392542543075061E-002
         303   4.7970875904751936E-002
         304   4.7552865009406031E-002
         305   4.7138477708757086E-002
         306   4.6727682177043851E-002
         307   4.6320446905942017E-002
         308   4.5916740699612955E-002
         309   4.5516532669923462E-002
         310   4.5119792231746857E-002
         311   4.4726489098428482E-002
         312   4.4336593277360850E-002
         313   4.3950075065674457E-002
         314   4.3566905046045788E-002
         315   4.3187054082606507E-002
         316   4.2810493316978657E-002
         317   4.2437194164386620E-002
         318   4.2067128309890373E-002
         319   4.1700267704699395E-002
         320   4.1336584562581005E-002
         321   4.0976051356364757E-002
         322   4.0618640814530295E-002
         323   4.0264325917869576E-002
         324   3.9913079896234750E-002
         325   3.9564876225376064E-002
         326   3.9219688623826139E-002
         327   3.8877491049883708E-002
         328   3.8538257698653398E-002
         329   3.8201962999155924E-002
         330   3.7868581611500869E-002
         331   3.7538088424125544E-002
         332   3.7210458551101860E-002
         333   3.6885667329474223E-002
         334   3.6563690316696082E-002
         335   3.6244503288086247E-002
         336   3.5928082234344655E-002
         337   3.5614403359147929E-002
         338   3.5303443076753920E-002
         339   3.4995178009671675E-002
         340   3.4689584986397369E-002
         341   3.4386641039155556E-002
         342   3.4086323401719874E-002
         343   3.3788609507251460E-002
         344   3.3493476986195869E-002
         345   3.3200903664205958E-002
         346   3.2910867560107269E-002
         347   3.2623346883912559E-002
         348   3.2338320034836790E-002
         349   3.2055765599402444E-002
         350   3.1775662349521429E-002
         351   3.1497989240649241E-002
         352   3.1222725409946854E-002
         353   3.0949850174496796E-002
         354   3.0679343029513525E-002
         355   3.0411183646629047E-002
         356   3.0145351872164695E-002
         357   2.9881827725447310E-002
         358   2.9620591397164647E-002
         359   2.9361623247717277E-002
         360   2.9104903805617678E-002
         361   2.8850413765907773E-002
         362   2.8598133988598545E-002
         363   2.8348045497128219E-002
         364   2.8100129476855879E-002
         365   2.7854367273554625E-002
         366   2.7610740391957607E-002
         367   2.7369230494273474E-002
         368   2.7129819398799274E-002
         369   2.6892489078459793E-002
         370   2.6657221659443966E-002
         371   2.6423999419820408E-002
         372   2.6192804788171521E-002
         373   2.5963620342260060E-002
         374   2.5736428807697505E-002
         375   2.5511213056647931E-002
         376   2.5287956106518530E-002
         377   2.5066641118700998E-002
         378   2.4847251397290882E-002
         379   2.4629770387865499E-002
         380   2.4414181676226464E-002
         381   2.4200468987202278E-002
         382   2.3988616183434452E-002
         383   2.3778607264188546E-002
         384   2.3570426364182776E-002
         385   2.3364057752412223E-002
         386   2.3159485831017113E-002
         387   2.2956695134125332E-002
         388   2.2755670326731144E-002
         389   2.2556396203591109E-002
         390   2.2358857688107456E-002
         391   2.2163039831244478E-002
         392   2.1968927810442553E-002
         393   2.1776506928556715E-002
         394   2.1585762612791860E-002
         395   2.1396680413653054E-002
         396   2.1209246003918675E-002
         397   2.1023445177603701E-002
         398   2.0839263848940467E-002
         399   2.0656688051375618E-002
         400   2.0475703936577064E-002
         401   2.0296297773438138E-002
         402   2.0118455947095205E-002
         403   1.9942164957968241E-002
         404   1.9767411420793603E-002
         405   1.9594182063672895E-002
         406   1.9422463727126957E-002
         407   1.9252243363167870E-002
         408   1.9083508034362796E-002
         409   1.8916244912923565E-002
         410   1.8750441279798594E-002
         411   1.8586084523756628E-002
         412   1.8423162140515467E-002
         413   1.8261661731834130E-002
         414   1.8101571004650603E-002
         415   1.7942877770198075E-002
         416   1.7785569943153740E-002
         417   1.7629635540779235E-002
         418   1.7475062682068634E-002
         419   1.7321839586902296E-002
         420   1.7169954575234535E-002
         421   1.7019396066240543E-002
         422   1.6870152577511999E-002
         423   1.6722212724240668E-002
         424   1.6575565218415453E-002
         425   1.6430198868009522E-002
         426   1.6286102576204053E-002
         427   1.6143265340593255E-002
         428   1.6001676252405232E-002
         429   1.5861324495732295E-002
         430   1.5722199346755276E-002
         431   1.5584290172986367E-002
         432   1.5447586432529564E-002
         433   1.5312077673303297E-002
         434   1.5177753532324700E-002
         435   1.5044603734954528E-002
         436   1.4912618094182768E-002
         437   1.4781786509888241E-002
         438   1.4652098968134046E-002
         439   1.4523545540441761E-002
         440   1.4396116383097068E-002
         441   1.4269801736437564E-002
         442   1.4144591924164243E-002
         443   1.4020477352649932E-002
         444   1.3897448510249540E-002
         445   1.3775495966625993E-002
         446   1.3654610372075616E-002
         447   1.3534782456860026E-002
         448   1.3416003030538245E-002
         449   1.3298262981316181E-002
         450   1.3181553275388485E-002
         451   1.3065864956296813E-002
         452   1.2951189144275338E-002
         453   1.2837517035633713E-002
         454   1.2724839902103201E-002
         455   1.2613149090227763E-002
         456   1.2502436020727582E-002
         457   1.2392692187893146E-002
         458   1.2283909158962715E-002
         459   1.2176078573524455E-002
         460   1.2069192142911507E-002
         461   1.1963241649595073E-002
         462   1.1858218946603719E-002
         463   1.1754115956928355E-002
         464   1.1650924672943446E-002
         465   1.1548637155818341E-002
         466   1.1447245534950764E-002
         467   1.1346742007397544E-002
         468   1.1247118837306658E-002
         469   1.1148368355347889E-002
         470   1.1050482958176703E-002
         471   1.0953455107860140E-002
         472   1.0857277331345434E-002
         473   1.0761942219907472E-002
         474   1.0667442428612095E-002
         475   1.0573770675782492E-002
         476   1.0480919742465802E-002
         477   1.0388882471914334E-002
         478   1.0297651769054623E-002
         479   1.0207220599971995E-002
         480   1.0117581991399860E-002
         481   1.0028729030209304E-002
         482   9.9406548628973006E-003
         483   9.8533526950941083E-003
         484   9.7668157910594626E-003
         485   9.6810374731954602E-003
         486   9.5960111215435909E-003
         487   9.5117301733177728E-003
         488   9.4281881224025990E-003
         489   9.3453785188957819E-003
         490   9.2632949686154552E-003
         491   9.1819311326394835E-003
         492   9.1012807268420776E-003
         493   9.0213375214192523E-003
         494   8.9420953404404542E-003
         495   8.8635480613887749E-003
         496   8.7856896147099524E-003
         497   8.7085139833616328E-003
         498   8.6320152023726098E-003
         499   8.5561873584022868E-003
         500   8.4810245892984037E-003
         501   8.4065210836677742E-003
         502   8.3326710804424251E-003
         503   8.2594688684587830E-003
         504   8.1869087860268058E-003
         505   8.1149852205154183E-003
         506   8.0436926079316441E-003
         507   7.9730254325106609E-003
         508   7.9029782263074309E-003
         509   7.8335455687837466E-003
         510   7.7647220864133911E-003
         511   7.6965024522742172E-003
         512   7.6288813856567094E-003
         513   7.5618536516720552E-003
         514   7.4954140608510886E-003
         515   7.4295574687746387E-003
         516   7.3642787756736114E-003
         517   7.2995729260562229E-003
         518   7.2354349083303205E-003
         519   7.1718597544291416E-003
         520   7.1088425394286196E-003
         521   7.0463783812024288E-003
         522   6.9844624400330086E-003
         523   6.9230899182633485E-003
         524   6.8622560599309003E-003
         525   6.8019561504126073E-003
         526   6.7421855160754666E-003
         527   6.6829395239174100E-003
         528   6.6242135812297799E-003
         529   6.5660031352469048E-003
         530   6.5083036727987984E-003
         531   6.4511107199823441E-003
         532   6.3944198418214018E-003
         533   6.3382266419306568E-003
         534   6.2825267621844519E-003
         535   6.2273158823874762E-003
         536   6.1725897199613761E-003
         537   6.1183440296089875E-003
         538   6.0645746029916545E-003
         539   6.0112772684245601E-003
         540   5.9584478905578648E-003
         541   5.9060823700593261E-003
         542   5.8541766433059510E-003
         543   5.8027266820831810E-003
         544   5.7517284932726669E-003
         545   5.7011781185556517E-003
         546   5.6510716341147309E-003
         547   5.6014051503331629E-003
         548   5.5521748114975289E-003
         549   5.5033767955147113E-003
         550   5.4550073136115417E-003
         551   5.4070626100664841E-003
         552   5.3595389618955359E-003
         553   5.3124326786027779E-003
         554   5.2657401018737808E-003
         555   5.2194576053097193E-003
         556   5.1735815941590744E-003
         557   5.1281085050263716E-003
         558   5.0830348056216000E-003
         559   5.0383569944708381E-003
         560   4.9940716006734269E-003
         561   4.9501751836204602E-003
         562   4.9066643327351014E-003
         563   4.8635356672244549E-003
         564   4.8207858358116857E-003
         565   4.7784115164797528E-003
         566   4.7364094162308393E-003
         567   4.6947762708182961E-003
         568   4.6535088445108161E-003
         569   4.6126039298502583E-003
         570   4.5720583473844723E-003
         571   4.5318689454458827E-003
         572   4.4920325999066443E-003
         573   4.4525462139386801E-003
         574   4.4134067177666932E-003
         575   4.3746110684557511E-003
         576   4.3361562496619368E-003
         577   4.2980392714054997E-003
         578   4.2602571698504574E-003
         579   4.2228070070614004E-003
         580   4.1856858707963506E-003
         581   4.1488908742748007E-003
         582   4.1124191559610539E-003
         583   4.0762678793382278E-003
         584   4.0404342326983639E-003
         585   4.0049154289271815E-003
         586   3.9697087052884897E-003
         587   3.9348113232081008E-003
         588   3.9002205680723789E-003
         589   3.8659337490143811E-003
         590   3.8319481987142716E-003
         591   3.7982612731841349E-003
         592   3.7648703515753947E-003
         593   3.7317728359707375E-003
         594   3.6989661511935006E-003
         595   3.6664477446015746E-003
         596   3.6342150858915448E-003
         597   3.6022656669114114E-003
         598   3.5705970014645026E-003
         599   3.5392066251178078E-003
         600   3.5080920950089993E-003
         601   3.4772509896687383E-003
         602   3.4466809088290087E-003
         603   3.4163794732335654E-003
         604   3.3863443244599167E-003
         605   3.3565731247476569E-003
         606   3.3270635567958324E-003
         607   3.2978133236097628E-003
         608   3.2688201483088300E-003
         609   3.2400817739482194E-003
         610   3.2115959633660695E-003
         611   3.1833604989844892E-003
         612   3.1553731826607801E-003
         613   3.1276318355017083E-003
         614   3.1001342977122633E-003
         615   3.0728784284127443E-003
         616   3.0458621054863327E-003
         617   3.0190832254089967E-003
         618   2.9925397030890351E-003
         619   2.9662294717080861E-003
         620   2.9401504825562262E-003
         621   2.9143007048863202E-003
         622   2.8886781257412889E-003
         623   2.8632807498107085E-003
         624   2.8381065992711427E-003
         625   2.8131537136411307E-003
         626   2.7884201496155129E-003
         627   2.7639039809338340E-003
         628   2.7396032982128643E-003
         629   2.7155162088156430E-003
         630   2.6916408366998226E-003
         631   2.6679753222598069E-003
         632   2.6445178222117009E-003
         633   2.6212665094208208E-003
         634   2.5982195727765100E-003
         635   2.5753752170555822E-003
         636   2.5527316627731930E-003
         637   2.5302871460465585E-003
         638   2.5080399184669224E-003
         639   2.4859882469578038E-003
         640   2.4641304136436785E-003
         641   2.4424647157154978E-003
         642   2.4209894652974916E-003
         643   2.3997029893229080E-003
         644   2.3786036293963917E-003
         645   2.3576897416752365E-003
         646   2.3369596967342011E-003
         647   2.3164118794380085E-003
         648   2.2960446888283985E-003
         649   2.2758565379854810E-003
         650   2.2558458539197221E-003
         651   2.2360110774362922E-003
         652   2.2163506630210723E-003
         653   2.1968630787236789E-003
         654   2.1775468060330795E-003
         655   2.1584003397629981E-003
         656   2.1394221879367258E-003
         657   2.1206108716678483E-003
         658   2.1019649250514898E-003
         659   2.0834828950403142E-003
         660   2.0651633413452776E-003
         661   2.0470048363131405E-003
         662   2.0290059648250974E-003
         663   2.0111653241766249E-003
         664   1.9934815239801523E-003
         665   1.9759531860444393E-003
         666   1.9585789442843880E-003
         667   1.9413574445963971E-003
         668   1.9242873447694782E-003
         669   1.9073673143717173E-003
         670   1.8905960346480295E-003
         671   1.8739721984262594E-003
         672   1.8574945100003129E-003
         673   1.8411616850428931E-003
         674   1.8249724505072676E-003
         675   1.8089255445130775E-003
         676   1.7930197162680033E-003
         677   1.7772537259502263E-003
         678   1.7616263446341698E-003
         679   1.7461363541787713E-003
         680   1.7307825471378558E-003
         681   1.7155637266656767E-003
         682   1.7004787064312391E-003
         683   1.6855263105145265E-003
         684   1.6707053733217350E-003
         685   1.6560147394967949E-003
         686   1.6414532638284436E-003
         687   1.6270198111599213E-003
         688   1.6127132563022130E-003
         689   1.5985324839539519E-003
         690   1.5844763885963810E-003
         691   1.5705438744314426E-003
         692   1.5567338552749340E-003
         693   1.5430452544868401E-003
         694   1.5294770048825050E-003
         695   1.5160280486503342E-003
         696   1.5026973372667016E-003
         697   1.4894838314174230E-003
         698   1.4763865009192461E-003
         699   1.4634043246316041E-003
         700   1.4505362903925328E-003
         701   1.4377813949163611E-003
         702   1.4251386437441412E-003
         703   1.4126070511444723E-003
         704   1.4001856400440928E-003
         705   1.3878734419569127E-003
         706   1.3756694968978815E-003
         707   1.3635728533165955E-003
         708   1.3515825680255958E-003
         709   1.3396977061202694E-003
         710   1.3279173409077446E-003
         711   1.3162405538336807E-003
         712   1.3046664344184514E-003
         713   1.2931940801809119E-003
         714   1.2818225965594841E-003
         715   1.2705510968620368E-003
         716   1.2593787021815703E-003
         717   1.2483045413322600E-003
         718   1.2373277507854298E-003
         719   1.2264474745944162E-003
         720   1.2156628643328049E-003
         721   1.2049730790323939E-003
         722   1.1943772851150190E-003
         723   1.1838746563169115E-003
         724   1.1734643736431084E-003
         725   1.1631456252913547E-003
         726   1.1529176065950683E-003
         727   1.1427795199524637E-003
         728   1.1327305747714015E-003
         729   1.1227699874106457E-003
         730   1.1128969811117859E-003
         731   1.1031107859361573E-003
         732   1.0934106387219353E-003
         733   1.0837957830022583E-003
         734   1.0742654689710415E-003
         735   1.0648189533911429E-003
         736   1.0554554995744008E-003
         737   1.0461743772993185E-003
         738   1.0369748627561746E-003
         739   1.0278562385056783E-003
         740   1.0188177934069506E-003
         741   1.0098588225723327E-003
         742   1.0009786272990057E-003
         743   9.9217651503892123E-004
         744   9.8345179931639214E-004
         745   9.7480379970066278E-004
         746   9.6623184173041498E-004
         747   9.5773525687502172E-004
         748   9.4931338248372831E-004
         749   9.4096556172385839E-004
         750   9.3269114353717653E-004
         751   9.2448948258522852E-004
         752   9.1635993920496483E-004
         753   9.0830187935134318E-004
         754   9.0031467455640665E-004
         755   8.9239770186958444E-004
         756   8.8455034382136494E-004
         757   8.7677198836441498E-004
         758   8.6906202883346956E-004
         759   8.6141986389543846E-004
         760   8.5384489749443574E-004
         761   8.4633653882898929E-004
         762   8.3889420227862296E-004
         763   8.3151730737178117E-004
         764   8.2420527874104137E-004
         765   8.1695754607294553E-004
         766   8.0977354407361631E-004
         767   8.0265271240919007E-004
         768   7.9559449567455126E-004
         769   7.8859834335271079E-004
         770   7.8166370975532454E-004
         771   7.7479005399225156E-004
         772   7.6797683993384174E-004
         773   7.6122353615705387E-004
         774   7.5452961591596860E-004
         775   7.4789455708708407E-004
         776   7.4131784214249757E-004
         777   7.3479895810449813E-004
         778   7.2833739649361693E-004
         779   7.2193265331326687E-004
         780   7.1558422898846210E-004
         781   7.0929162834131195E-004
         782   7.0305436054277613E-004
         783   6.9687193907997779E-004
         784   6.9074388171415238E-004
         785   6.8466971045267320E-004
         786   6.7864895149451351E-004
         787   6.7268113521358778E-004
         788   6.6676579610348342E-004
         789   6.6090247275509635E-004
         790   6.5509070781828987E-004
         791   6.4933004795240620E-004
         792   6.4362004381318802E-004
         793   6.3796025000090466E-004
         794   6.3235022503003470E-004
         795   6.2678953130566645E-004
         796   6.2127773506655531E-004
         797   6.1581440637075574E-004
         798   6.1039911905968677E-004
         799   6.0503145071502825E-004
         800   5.9971098263259383E-004
         801   5.9443729979305623E-004
         802   5.8920999082290434E-004
         803   5.8402864796540789E-004
         804   5.7889286704890610E-004
         805   5.7380224745580996E-004
         806   5.6875639208471876E-004
         807   5.6375490733391966E-004
         808   5.5879740305693991E-004
         809   5.5388349253839648E-004
         810   5.4901279246079976E-004
         811   5.4418492288119396E-004
         812   5.3939950719144659E-004
         813   5.3465617209915437E-004
         814   5.2995454758794354E-004
         815   5.2529426690049459E-004
         816   5.2067496650120952E-004
         817   5.1609628605159513E-004
         818   5.1155786837728094E-004
         819   5.0705935944903350E-004
         820   5.0260040834951367E-004
         821   4.9818066724220320E-004
         822   4.9379979135364684E-004
         823   4.8945743894063774E-004
         824   4.8515327125925876E-004
         825   4.8088695255190224E-004
         826   4.7665815000743115E-004
         827   4.7246653374423598E-004
         828   4.6831177677798477E-004
         829   4.6419355499876201E-004
         830   4.6011154714759879E-004
         831   4.5606543479384494E-004
         832   4.5205490229936263E-004
         833   4.4807963680718494E-004
         834   4.4413932820725551E-004
         835   4.4023366911864639E-004
         836   4.3636235485864906E-004
         837   4.3252508342677266E-004
         838   4.2872155548200443E-004
         839   4.2495147430526170E-004
         840   4.2121454579241549E-004
         841   4.1751047842515345E-004
         842   4.1383898324900335E-004
         843   4.1019977384498921E-004
         844   4.0659256631857575E-004
         845   4.0301707926906005E-004
         846   3.9947303376723994E-004
         847   3.9596015333908042E-004
         848   3.9247816394180970E-004
         849   3.8902679394342500E-004
         850   3.8560577409314995E-004
         851   3.8221483751600769E-004
         852   3.7885371967925560E-004
         853   3.7552215837664918E-004
         854   3.7221989370916822E-004
         855   3.6894666806048512E-004
         856   3.6570222607665661E-004
         857   3.6248631465696110E-004
         858   3.5929868292050083E-004
         859   3.5613908219398995E-004
         860   3.5300726598998553E-004
         861   3.4990298998853833E-004
         862   3.4682601201469556E-004
         863   3.4377609203323667E-004
         864   3.4075299210487562E-004
         865   3.3775647639215802E-004
         866   3.3478631113149020E-004
         867   3.3184226460863605E-004
         868   3.2892410715043639E-004
         869   3.2603161110795700E-004
         870   3.2316455082268420E-004
         871   3.2032270263098096E-004
         872   3.1750584482925992E-004
         873   3.1471375766862992E-004
         874   3.1194622332464134E-004
         875   3.0920302589695616E-004
         876   3.0648395137567651E-004
         877   3.0378878764077420E-004
         878   3.0111732442910158E-004
         879   2.9846935333358683E-004
         880   2.9584466777305367E-004
         881   2.9324306298985254E-004
         882   2.9066433601921071E-004
         883   2.8810828568629827E-004
         884   2.8557471258803396E-004
         885   2.8306341906402655E-004
         886   2.8057420920216299E-004
         887   2.7810688880448332E-004
         888   2.7566126539145427E-004
         889   2.7323714816360515E-004
         890   2.7083434801264677E-004
         891   2.6845267747791743E-004
         892   2.6609195076153513E-004
         893   2.6375198369052482E-004
         894   2.6143259371145757E-004
         895   2.5913359988002460E-004
         896   2.5685482284091063E-004
         897   2.5459608481635473E-004
         898   2.5235720959271637E-004
         899   2.5013802250411561E-004
         900   2.4793835042266643E-004
         901   2.4575802173711141E-004
         902   2.4359686635438187E-004
         903   2.4145471567189140E-004
         904   2.3933140256489861E-004
         905   2.3722676138812997E-004
         906   2.3514062794699925E-004
         907   2.3307283949064924E-004
         908   2.3102323469907475E-004
         909   2.2899165367348140E-004
         910   2.2697793792129470E-004
         911   2.2498193034017666E-004
         912   2.2300347521176094E-004
         913   2.2104241818599794E-004
         914   2.1909860626921697E-004
         915   2.1717188781454212E-004
         916   2.1526211250917900E-004
         917   2.1336913135915951E-004
         918   2.1149279668675116E-004
         919   2.0963296210354561E-004
         920   2.0778948251761140E-004
         921   2.0596221410540416E-004
         922   2.0415101431425157E-004
         923   2.0235574183916389E-004
         924   2.0057625662373138E-004
         925   1.9881241983916371E-004
         926   1.9706409387487299E-004
         927   1.9533114233797946E-004
         928   1.9361343002763530E-004
         929   1.9191082294141366E-004
         930   1.9022318823996479E-004
         931   1.8855039426459702E-004
         932   1.8689231051135976E-004
         933   1.8524880762248977E-004
         934   1.8361975737819609E-004
         935   1.8200503268695287E-004
         936   1.8040450757699048E-004
         937   1.7881805717198429E-004
         938   1.7724555771191981E-004
         939   1.7568688651589329E-004
         940   1.7414192197772341E-004
         941   1.7261054356601104E-004
         942   1.7109263181353296E-004
         943   1.6958806829354162E-004
         944   1.6809673562432468E-004
         945   1.6661851746083947E-004
         946   1.6515329847719958E-004
         947   1.6370096436177329E-004
         948   1.6226140180426558E-004
         949   1.6083449850627700E-004
         950   1.5942014313146928E-004
         951   1.5801822534935479E-004
         952   1.5662863577796924E-004
         953   1.5525126601363345E-004
         954   1.5388600859076934E-004
         955   1.5253275700427709E-004
         956   1.5119140567141517E-004
         957   1.4986184994921064E-004
         958   1.4854398610696093E-004
         959   1.4723771133099794E-004
         960   1.4594292371226787E-004
         961   1.4465952222947318E-004
         962   1.4338740676298590E-004
         963   1.4212647805924037E-004
         964   1.4087663774795645E-004
         965   1.3963778832230258E-004
         966   1.3840983312912410E-004
         967   1.3719267636553927E-004
         968   1.3598622307659110E-004
         969   1.3479037913405938E-004
         970   1.3360505124692651E-004
         971   1.3243014693452418E-004
         972   1.3126557453766531E-004
         973   1.3011124319898903E-004
         974   1.2896706286104776E-004
         975   1.2783294425726491E-004
         976   1.2670879890786598E-004
         977   1.2559453911044282E-004
         978   1.2449007793306305E-004
         979   1.2339532920888549E-004
         980   1.2231020753327907E-004
         981   1.2123462823960897E-004
         982   1.2016850742019543E-004
         983   1.1911176189582648E-004
         984   1.1806430922485259E-004
         985   1.1702606768852369E-004
         986   1.1599695628261904E-004
         987   1.1497689472136096E-004
         988   1.1396580342253518E-004
         989   1.1296360350178393E-004
         990   1.1197021677150630E-004
         991   1.1098556573060727E-004
         992   1.1000957355796487E-004
         993   1.0904216411070700E-004
         994   1.0808326191253406E-004
         995   1.0713279215299315E-004
         996   1.0619068067855239E-004
         997   1.0525685398926400E-004
         998   1.0433123922935546E-004
         999   1.0341376418811087E-004
        1000   1.0250435728071189E-004
        1001   1.0160294756058176E-004
        1002   1.0070946470209766E-004
        1003   9.9823838999259183E-005
        1004   9.8946001356570751E-005
        1005   9.8075883283663468E-005
        1006   9.7213416899393404E-005
        1007   9.6358534918796366E-005
        1008   9.5511170642398704E-005
        1009   9.4671257965403747E-005
        1010   9.3838731352378376E-005
        1011   9.3013525858115636E-005
        1012   9.2195577099654516E-005
        1013   9.1384821262919559E-005
        1014   9.0581195093896976E-005
        1015   8.9784635894588782E-005
        1016   8.8995081523858313E-005
        1017   8.8212470379001932E-005
        1018   8.7436741402950759E-005
        1019   8.6667834074844607E-005
        1020   8.5905688407209518E-005
        1021   8.5150244939463822E-005
        1022   8.4401444733858905E-005
        1023   8.3659229368134179E-005
        1024   8.2923540941426559E-005
        1025   8.2194322048195287E-005
        1026   8.1471515808013306E-005
        1027   8.0755065821317237E-005
        1028   8.0044916193483800E-005
        1029   7.9341011522074336E-005
        1030   7.8643296886099796E-005
        1031   7.7951717857547385E-005
        1032   7.7266220476038402E-005
        1033   7.6586751262081978E-005
        1034   7.5913257205977643E-005
        1035   7.5245685761596938E-005
        1036   7.4583984847861602E-005
        1037   7.3928102841057814E-005
        1038   7.3277988567220227E-005
        1039   7.2633591310844792E-005
        1040   7.1994860791163462E-005
        1041   7.1361747179050954E-005
        1042   7.0734201083646361E-005
        1043   7.0112173540405118E-005
        1044   6.9495616021055047E-005
        1045   6.8884480424104782E-005
        1046   6.8278719070160945E-005
        1047   6.7678284700822201E-005
        1048   6.7083130465836561E-005
        1049   6.6493209937652537E-005
        1050   6.5908477088526339E-005
        1051   6.5328886300932028E-005
        1052   6.4754392355561869E-005
        1053   6.4184950435193229E-005
        1054   6.3620516105555066E-005
        1055   6.3061045335874240E-005
        1056   6.2506494478531513E-005
        1057   6.1956820264203702E-005
        1058   6.1411979811994166E-005
        1059   6.0871930614072233E-005
        1060   6.0336630533854363E-005
        1061   5.9806037814160240E-005
        1062   5.9280111053663602E-005
        1063   5.8758809221240149E-005
        1064   5.8242091650721960E-005
        1065   5.7729918023395694E-005
        1066   5.7222248382450318E-005
        1067   5.6719043121950187E-005
        1068   5.6220262980598866E-005
        1069   5.5725869045395257E-005
        1070   5.5235822744276091E-005
        1071   5.4750085846100183E-005
        1072   5.4268620454294871E-005
        1073   5.3791389006050415E-005
        1074   5.3318354266923224E-005
        1075   5.2849479331607800E-005
        1076   5.2384727623977839E-005
        1077   5.1924062879328832E-005
        1078   5.1467449161192384E-005
        1079   5.1014850844959439E-005
        1080   5.0566232614332320E-005
        1081   5.0121559477405732E-005
        1082   4.9680796738261912E-005
        1083   4.9243910004831441E-005
        1084   4.8810865201318259E-005
        1085   4.8381628534812999E-005
        1086   4.7956166519253830E-005
        1087   4.7534445962078473E-005
        1088   4.7116433960534243E-005
        1089   4.6702097901850805E-005
        1090   4.6291405461833522E-005
        1091   4.5884324596899655E-005
        1092   4.5480823545975885E-005
        1093   4.5080870833309972E-005
        1094   4.4684435253797855E-005
        1095   4.4291485876103274E-005
        1096   4.3901992045520376E-005
        1097   4.3515923372741874E-005
        1098   4.3133249739434457E-005
        1099   4.2753941286459810E-005
        1100   4.2377968422897813E-005
        1101   4.2005301816878464E-005
        1102   4.1635912395724528E-005
        1103   4.1269771334976462E-005
        1104   4.0906850073501009E-005
        1105   4.0547120293348297E-005
        1106   4.0190553931495840E-005
        1107   3.9837123169158200E-005
        1108   3.9486800430755525E-005
        1109   3.9139558386876633E-005
        1110   3.8795369942793200E-005
        1111   3.8454208250709105E-005
        1112   3.8116046690297007E-005
        1113   3.7780858878818090E-005
        1114   3.7448618665357704E-005
        1115   3.7119300131586720E-005
        1116   3.6792877584805487E-005
        1117   3.6469325552378410E-005
        1118   3.6148618798590121E-005
        1119   3.5830732297990172E-005
        1120   3.5515641250142709E-005
        1121   3.5203321071849569E-005
        1122   3.4893747402192036E-005
        1123   3.4586896081704169E-005
        1124   3.4282743172098325E-005
        1125   3.3981264944589616E-005
        1126   3.3682437879213385E-005
        1127   3.3386238662775783E-005
        1128   3.3092644181984455E-005
        1129   3.2801631536630777E-005
        1130   3.2513178019886103E-005
        1131   3.2227261122404720E-005
        1132   3.1943858546807699E-005
        1133   3.1662948178684537E-005
        1134   3.1384508097533465E-005
        1135   3.1108516584354795E-005
        1136   3.0834952105782490E-005
        1137   3.0563793320248156E-005
        1138   3.0295019067694452E-005
        1139   3.0028608386163131E-005
        1140   2.9764540485791083E-005
        1141   2.9502794764757806E-005
        1142   2.9243350801171641E-005
        1143   2.8986188355676888E-005
        1144   2.8731287367184329E-005
        1145   2.8478627944011283E-005
        1146   2.8228190377806735E-005
        1147   2.7979955127519651E-005
        1148   2.7733902825499619E-005
        1149   2.7490014278917840E-005
        1150   2.7248270454984699E-005
        1151   2.7008652497764366E-005
        1152   2.6771141712319249E-005
        1153   2.6535719563894383E-005
        1154   2.6302367693705483E-005
        1155   2.6071067887165055E-005
        1156   2.5841802103407384E-005
        1157   2.5614552452509946E-005
        1158   2.5389301208456086E-005
        1159   2.5166030794596388E-005
        1160   2.4944723795790152E-005
        1161   2.4725362939933283E-005
        1162   2.4507931117550007E-005
        1163   2.4292411363850515E-005
        1164   2.4078786863251984E-005
        1165   2.3867040951693609E-005
        1166   2.3657157105020945E-005
        1167   2.3449118951249782E-005
        1168   2.3242910261279159E-005
        1169   2.3038514942551025E-005
        1170   2.2835917053128074E-005
        1171   2.2635100783715926E-005
        1172   2.2436050467166795E-005
        1173   2.2238750574584418E-005
        1174   2.2043185712798572E-005
        1175   2.1849340622869673E-005
        1176   2.1657200184458910E-005
        1177   2.1466749405425283E-005
        1178   2.1277973429707479E-005
        1179   2.1090857522612190E-005
        1180   2.0905387090108225E-005
        1181   2.0721547662092810E-005
        1182   2.0539324894665995E-005
        1183   2.0358704573037131E-005
        1184   2.0179672603157650E-005
        1185   2.0002215018798650E-005
        1186   1.9826317976153620E-005
        1187   1.9651967748176695E-005
        1188   1.9479150734597057E-005
        1189   1.9307853454185561E-005
        1190   1.9138062539782247E-005
        1191   1.8969764746652056E-005
        1192   1.8802946943751562E-005
        1193   1.8637596114592409E-005
        1194   1.8473699361138277E-005
        1195   1.8311243896729024E-005
        1196   1.8150217044885351E-005
        1197   1.7990606240900626E-005
        1198   1.7832399037502481E-005
        1199   1.7675583088427262E-005
        1200   1.7520146159465161E-005
        1201   1.7366076123015087E-005
        1202   1.7213360959297299E-005
        1203   1.7061988756106343E-005
        1204   1.6911947699881235E-005
        1205   1.6763226087598616E-005
        1206   1.6615812312775725E-005
        1207   1.6469694877966997E-005
        1208   1.6324862381821710E-005
        1209   1.6181303525265549E-005
        1210   1.6039007107043293E-005
        1211   1.5897962027091998E-005
        1212   1.5758157277935471E-005
        1213   1.5619581958145859E-005
        1214   1.5482225248886873E-005
        1215   1.5346076439865487E-005
        1216   1.5211124909268413E-005
        1217   1.5077360120015105E-005
        1218   1.4944771646709435E-005
        1219   1.4813349138110946E-005
        1220   1.4683082343885714E-005
        1221   1.4553961100847034E-005
        1222   1.4425975331281252E-005
        1223   1.4299115054804861E-005
        1224   1.4173370371600517E-005
        1225   1.4048731471075342E-005
        1226   1.3925188631734654E-005
        1227   1.3802732211389269E-005
        1228   1.3681352659103231E-005
        1229   1.3561040502675244E-005
        1230   1.3441786357253700E-005
        1231   1.3323580918573861E-005
        1232   1.3206414964471400E-005
        1233   1.3090279351896941E-005
        1234   1.2975165022652551E-005
        1235   1.2861062993349694E-005
        1236   1.2747964366280244E-005
        1237   1.2635860312683538E-005
        1238   1.2524742088241867E-005
        1239   1.2414601024695334E-005
        1240   1.2305428528699591E-005
        1241   1.2197216081261691E-005
        1242   1.2089955240728452E-005
        1243   1.1983637639725721E-005
        1244   1.1878254982036377E-005
        1245   1.1773799047827071E-005
        1246   1.1670261685139631E-005
        1247   1.1567634818103146E-005
        1248   1.1465910437622658E-005
        1249   1.1365080612216972E-005
        1250   1.1265137469598826E-005
        1251   1.1166073215389341E-005
        1252   1.1067880118911233E-005
        1253   1.0970550523595318E-005
        1254   1.0874076830008739E-005
        1255   1.0778451515952842E-005
        1256   1.0683667118637656E-005
        1257   1.0589716243921631E-005
        1258   1.0496591562236895E-005
        1259   1.0404285807027666E-005
        1260   1.0312791776225226E-005
        1261   1.0222102335332704E-005
        1262   1.0132210403626043E-005
        1263   1.0043108975059244E-005
        1264   9.9547910886659422E-006
        1265   9.8672498623873693E-006
        1266   9.7804784598462779E-006
        1267   9.6944701170346454E-006
        1268   9.6092181185494679E-006
        1269   9.5247158188226351E-006
        1270   9.4409566208229150E-006
        1271   9.3579339913439961E-006
        1272   9.2756414519073835E-006
        1273   9.1940725836089980E-006
        1274   9.1132210229299021E-006
        1275   9.0330804603534319E-006
        1276   8.9536446440732843E-006
        1277   8.8749073779454450E-006
        1278   8.7968625139289701E-006
        1279   8.7195039701334415E-006
        1280   8.6428257070650401E-006
        1281   8.5668217437835390E-006
        1282   8.4914861502556268E-006
        1283   8.4168130465575329E-006
        1284   8.3427966130837769E-006
        1285   8.2694310694670429E-006
        1286   8.1967106927105980E-006
        1287   8.1246298101580178E-006
        1288   8.0531827972339153E-006
        1289   7.9823640826517638E-006
        1290   7.9121681405129177E-006
        1291   7.8425894888911016E-006
        1292   7.7736227061319978E-006
        1293   7.7052624080172225E-006
        1294   7.6375032616340923E-006
        1295   7.5703399824690603E-006
        1296   7.5037673289087267E-006
        1297   7.4377801060554008E-006
        1298   7.3723731668441964E-006
        1299   7.3075414093083205E-006
        1300   7.2432797745710038E-006
        1301   7.1795832471250709E-006
        1302   7.1164468615293395E-006
        1303   7.0538656878164678E-006
        1304   6.9918348452199039E-006
        1305   6.9303494965523709E-006
        1306   6.8694048410077384E-006
        1307   6.8089961253342999E-006
        1308   6.7491186360990823E-006
        1309   6.6897677040236666E-006
        1310   6.6309386936509016E-006
        1311   6.5726270215761476E-006
        1312   6.5148281333913811E-006
        1313   6.4575375238184154E-006
        1314   6.4007507179221407E-006
        1315   6.3444632903939317E-006
        1316   6.2886708458253629E-006
        1317   6.2333690355116087E-006
        1318   6.1785535422296051E-006
        1319   6.1242200897957647E-006
        1320   6.0703644399270570E-006
        1321   6.0169823874236849E-006
        1322   5.9640697703038490E-006
        1323   5.9116224629027506E-006
        1324   5.8596363710997132E-006
        1325   5.8081074348172750E-006
        1326   5.7570316419203758E-006
        1327   5.7064049997534063E-006
        1328   5.6562235651354490E-006
        1329   5.6064834184011499E-006
        1330   5.5571806811390206E-006
        1331   5.5083115052013744E-006
        1332   5.4598720811138538E-006
        1333   5.4118586240639117E-006
        1334   5.3642673941966782E-006
        1335   5.3170946747505663E-006
        1336   5.2703367852566570E-006
        1337   5.2239900817931263E-006
        1338   5.1780509435456451E-006
        1339   5.1325157905048311E-006
        1340   5.0873810655334199E-006
        1341   5.0426432523256914E-006
        1342   4.9982988557739482E-006
        1343   4.9543444193804987E-006
        1344   4.9107765145483155E-006
        1345   4.8675917397609697E-006
        1346   4.8247867252677920E-006
        1347   4.7823581346605486E-006
        1348   4.7403026539955987E-006
        1349   4.6986170051543912E-006
        1350   4.6572979366218946E-006
        1351   4.6163422213244991E-006
        1352   4.5757466644751295E-006
        1353   4.5355081004148202E-006
        1354   4.4956233911481736E-006
        1355   4.4560894224809626E-006
        1356   4.4169031105449281E-006
        1357   4.3780613980205401E-006
        1358   4.3395612544164050E-006
        1359   4.3013996752425129E-006
        1360   4.2635736877602791E-006
        1361   4.2260803358242880E-006
        1362   4.1889166975705357E-006
        1363   4.1520798693870010E-006
        1364   4.1155669789974748E-006
        1365   4.0793751801893716E-006
        1366   4.0435016491749960E-006
        1367   4.0079435843278457E-006
        1368   3.9726982111098886E-006
        1369   3.9377627835999924E-006
        1370   3.9031345742020667E-006
        1371   3.8688108797588275E-006
        1372   3.8347890241251552E-006
        1373   3.8010663522867150E-006
        1374   3.7676402333533706E-006
        1375   3.7345080611634857E-006
        1376   3.7016672493571885E-006
        1377   3.6691152350656947E-006
        1378   3.6368494760641813E-006
        1379   3.6048674629114967E-006
        1380   3.5731666938729078E-006
        1381   3.5417446972506152E-006
        1382   3.5105990219851248E-006
        1383   3.4797272390779505E-006
        1384   3.4491269388741526E-006
        1385   3.4187957334240140E-006
        1386   3.3887312548425707E-006
        1387   3.3589311601515622E-006
        1388   3.3293931263426601E-006
        1389   3.3001148449717183E-006
        1390   3.2710940348247103E-006
        1391   3.2423284276493966E-006
        1392   3.2138157849994783E-006
        1393   3.1855538767351094E-006
        1394   3.1575405005734170E-006
        1395   3.1297734713506861E-006
        1396   3.1022506194151644E-006
        1397   3.0749698028310026E-006
        1398   3.0479288896621546E-006
        1399   3.0211257713003826E-006
        1400   2.9945583548559658E-006
        1401   2.9682245709282285E-006
        1402   2.9421223640971466E-006
        1403   2.9162496934753687E-006
        1404   2.8906045466802993E-006
        1405   2.8651849185139345E-006
        1406   2.8399888298314585E-006
        1407   2.8150143100170234E-006
        1408   2.7902594148065835E-006
        1409   2.7657222092419296E-006
        1410   2.7414007842738572E-006
        1411   2.7172932351715334E-006
        1412   2.6933976872773352E-006
        1413   2.6697122736891782E-006
        1414   2.6462351461007385E-006
        1415   2.6229644745591004E-006
        1416   2.5998984411523330E-006
        1417   2.5770352484195507E-006
        1418   2.5543731113500029E-006
        1419   2.5319102626296064E-006
        1420   2.5096449499383498E-006
        1421   2.4875754332416571E-006
        1422   2.4656999960856515E-006
        1423   2.4440169294939304E-006
        1424   2.4225245394834121E-006
        1425   2.4012211509931269E-006
        1426   2.3801051010185285E-006
        1427   2.3591747432789438E-006
        1428   2.3384284469472340E-006
        1429   2.3178645895508684E-006
        1430   2.2974815683287984E-006
        1431   2.2772777927311335E-006
        1432   2.2572516867552856E-006
        1433   2.2374016894393086E-006
        1434   2.2177262491009996E-006
        1435   2.1982238317161449E-006
        1436   2.1788929165980969E-006
        1437   2.1597319945561860E-006
        1438   2.1407395722310995E-006
        1439   2.1219141660718270E-006
        1440   2.1032543103293776E-006
        1441   2.0847585458918302E-006
        1442   2.0664254332289908E-006
        1443   2.0482535360059377E-006
        1444   2.0302414422685537E-006
        1445   2.0123877419525418E-006
        1446   1.9946910472593064E-006
        1447   1.9771499755149916E-006
        1448   1.9597631586113014E-006
        1449   1.9425292370114223E-006
        1450   1.9254468697064643E-006
        1451   1.9085147220623144E-006
        1452   1.8917314749984690E-006
        1453   1.8750958162997219E-006
        1454   1.8586064499147961E-006
        1455   1.8422620895588905E-006
        1456   1.8260614599594919E-006
        1457   1.8100032948191468E-006
        1458   1.7940863434670324E-006
        1459   1.7783093649975603E-006
        1460   1.7626711285878929E-006
        1461   1.7471704113221054E-006
        1462   1.7318060054079776E-006
        1463   1.7165767128288868E-006
        1464   1.7014813440237152E-006
        1465   1.6865187222877498E-006
        1466   1.6716876804615690E-006
        1467   1.6569870600643538E-006
        1468   1.6424157152679617E-006
        1469   1.6279725119513161E-006
        1470   1.6136563175807492E-006
        1471   1.5994660199346064E-006
        1472   1.5854005071816538E-006
        1473   1.5714586870700177E-006
        1474   1.5576394675510814E-006
        1475   1.5439417761543769E-006
        1476   1.5303645371098468E-006
        1477   1.5169066975837013E-006
        1478   1.5035672037805038E-006
        1479   1.4903450148563374E-006
        1480   1.4772390995627040E-006
        1481   1.4642484383362003E-006
        1482   1.4513720127036259E-006
        1483   1.4386088235576168E-006
        1484   1.4259578714305451E-006
        1485   1.4134181700837385E-006
        1486   1.4009887412532143E-006
        1487   1.3886686143495322E-006
        1488   1.3764568322872826E-006
        1489   1.3643524365451318E-006
        1490   1.3523544843377070E-006
        1491   1.3404620429712091E-006
        1492   1.3286741810319049E-006
        1493   1.3169899801558904E-006
        1494   1.3054085309428549E-006
        1495   1.2939289263932777E-006
        1496   1.2825502714438549E-006
        1497   1.2712716803005184E-006
        1498   1.2600922688292763E-006
        1499   1.2490111680172614E-006
        1500   1.2380275151245979E-006
        1501   1.2271404527623134E-006
        1502   1.2163491264399487E-006
        1503   1.2056527008579168E-006
        1504   1.1950503344920584E-006
        1505   1.1845412057384079E-006
        1506   1.1741244928358710E-006
        1507   1.1637993852542217E-006
        1508   1.1535650735027682E-006
        1509   1.1434207610395219E-006
        1510   1.1333656572599178E-006
        1511   1.1233989774774266E-006
        1512   1.1135199424141247E-006
        1513   1.1037277839356502E-006
        1514   1.0940217334253681E-006
        1515   1.0844010377577015E-006
        1516   1.0748649472302973E-006
        1517   1.0654127137223061E-006
        1518   1.0560436033770076E-006
        1519   1.0467568838303524E-006
        1520   1.0375518289851249E-006
        1521   1.0284277248465905E-006
        1522   1.0193838551755490E-006
        1523   1.0104195161422206E-006
        1524   1.0015340096974155E-006
