           1   41.000000000000000     
           2   174.15024575305983     
           3   52.756923121550592     
           4   31.419253947199408     
           5   21.392085864380633     
           6   16.252938333030436     
           7   13.095316796796425     
           8   10.961273654748311     
           9   9.3910750087532744     
          10   8.1864034039105356     
          11   7.2315179586866893     
          12   6.4572621783876025     
          13   5.8175610407134188     
          14   5.2809183435169595     
          15   4.8248716993605356     
          16   4.4330193755973752     
          17   4.0930887676924321     
          18   3.7957212733129437     
          19   3.5336561751360138     
          20   3.3011764520069047     
          21   3.0937207662114590     
          22   2.9076070484022178     
          23   2.7398316657762702     
          24   2.5879211882934055     
          25   2.4498213210824935     
          26   2.3238125716070086     
          27   2.2084454264511830     
          28   2.1024899647683037     
          29   2.0048962882204120     
          30   1.9147631498669360     
          31   1.8313128649677397     
          32   1.7538710834287008     
          33   1.6818503601523431     
          34   1.6147367184868291     
          35   1.5520785920189106     
          36   1.4934776708603621     
          37   1.4385812840247405     
          38   1.3870760291092104     
          39   1.3386824211226316     
          40   1.2931503788444176     
          41   1.2502554031128785     
          42   1.2097953295234354     
          43   1.1715875600775263     
          44   1.1354666957798130     
          45   1.1012825060930387     
          46   1.0688981823226813     
          47   1.0381888310192680     
          48   1.0090401708139556     
          49  0.98134740209378268     
          50  0.95501422384807233     
          51  0.92995197608709335     
          52  0.90607888961269933     
          53  0.88331942773719585     
          54  0.86160370690374055     
          55  0.84086698514027647     
          56  0.82104920894506828     
          57  0.80209461060765375     
          58  0.78395134915806008     
          59  0.76657118914361633     
          60  0.74990921228645191     
          61  0.73392355779913054     
          62  0.71857518775085305     
          63  0.70382767439918559     
          64  0.68964700684602143     
          65  0.67600141475347741     
          66  0.66286120717566810     
          67  0.65019862483410140     
          68  0.63798770439545649     
          69  0.62620415350624381     
          70  0.61482523550535961     
          71  0.60382966287660178     
          72  0.59319749862312010     
          73  0.58291006484761354     
          74  0.57294985790867059     
          75  0.56330046959733926     
          76  0.55394651384085991     
          77  0.54487355849427321     
          78  0.53606806182651023     
          79  0.52751731334726149     
          80  0.51920937865493255     
          81  0.51113304801562687     
          82  0.50327778840880344     
          83  0.49563369879776803     
          84  0.48819146840295963     
          85  0.48094233777356826     
          86  0.47387806246850661     
          87  0.46699087917189031     
          88  0.46027347408057601     
          89  0.45371895341283852     
          90  0.44732081589756145     
          91  0.44107292711283369     
          92  0.43496949555152731     
          93  0.42900505029953973     
          94  0.42317442021973728     
          95  0.41747271454167756     
          96  0.41189530476350572     
          97  0.40643780777851235     
          98  0.40109607014445803     
          99  0.39586615341896653     
         100  0.39074432048932811     
         101  0.38572702282956539     
         102  0.38081088862203155     
         103  0.37599271168487669     
         104  0.37126944115050187     
         105  0.36663817184376157     
         106  0.36209613531203277     
         107  0.35764069146240240     
         108  0.35326932076427070     
         109  0.34897961697836566     
         110  0.34476928037584359     
         111  0.34063611141356909     
         112  0.33657800483398109     
         113  0.33259294416008095     
         114  0.32867899655809157     
         115  0.32483430804226132     
         116  0.32105709899795587     
         117  0.31734566000095071     
         118  0.31369834791222628     
         119  0.31011358222915164     
         120  0.30658984167516556     
         121  0.30312566101136462     
         122  0.29971962805457530     
         123  0.29637038088756074     
         124  0.29307660524801177     
         125  0.28983703208394668     
         126  0.28665043526397926     
         127  0.28351562943179592     
         128  0.28043146799483148     
         129  0.27739684123798880     
         130  0.27441067455375112     
         131  0.27147192678076865     
         132  0.26857958864349663     
         133  0.26573268128600896     
         134  0.26293025489360206     
         135  0.26017138739628315     
         136  0.25745518324858058     
         137  0.25478077228062512     
         138  0.25214730861569468     
         139  0.24955396964983584     
         140  0.24699995508943931     
         141  0.24448448604297704     
         142  0.24200680416334319     
         143  0.23956617083749696     
         144  0.23716186642036513     
         145  0.23479318951013636     
         146  0.23245945626231279     
         147  0.23015999974004586     
         148  0.22789416929846151     
         149  0.22566133000085023     
         150  0.22346086206472199     
         151  0.22129216033589263     
         152  0.21915463378884695     
         153  0.21704770505181428     
         154  0.21497080995502477     
         155  0.21292339710075461     
         156  0.21090492745388895     
         157  0.20891487395172306     
         158  0.20695272113194921     
         159  0.20501796477769602     
         160  0.20311011157866432     
         161  0.20122867880744755     
         162  0.19937319401013151     
         163  0.19754319471039547     
         164  0.19573822812635314     
         165  0.19395785089941039     
         166  0.19220162883448108     
         167  0.19046913665095183     
         168  0.18875995774379428     
         169  0.18707368395428273     
         170  0.18540991534980936     
         171  0.18376826001230498     
         172  0.18214833383482446     
         173  0.18054976032585943     
         174  0.17897217042098607     
         175  0.17741520230146621     
         176  0.17587850121945561     
         177  0.17436171932947936     
         178  0.17286451552586241     
         179  0.17138655528581845     
         180  0.16992751051792315     
         181  0.16848705941571387     
         182  0.16706488631614824     
         183  0.16566068156270705     
         184  0.16427414137292262     
         185  0.16290496771010476     
         186  0.16155286815909087     
         187  0.16021755580581726     
         188  0.15889874912055094     
         189  0.15759617184460173     
         190  0.15630955288036905     
         191  0.15503862618456876     
         192  0.15378313066450516     
         193  0.15254281007724937     
         194  0.15131741293159959     
         195  0.15010669239271662     
         196  0.14891040618929566     
         197  0.14772831652320892     
         198  0.14656018998145387     
         199  0.14540579745039589     
         200  0.14426491403213221     
         201  0.14313731896295562     
         202  0.14202279553378339     
         203  0.14092113101253070     
         204  0.13983211656828581     
         205  0.13875554719729433     
         206  0.13769122165062445     
         207  0.13663894236348076     
         208  0.13559851538610132     
         209  0.13456975031618160     
         210  0.13355246023276784     
         211  0.13254646163157868     
         212  0.13155157436169523     
         213  0.13056762156357618     
         214  0.12959442960837050     
         215  0.12863182803845102     
         216  0.12767964950917721     
         217  0.12673772973179886     
         218  0.12580590741750849     
         219  0.12488402422258200     
         220  0.12397192469458576     
         221  0.12306945621961145     
         222  0.12217646897052714     
         223  0.12129281585618770     
         224  0.12041835247162008     
         225  0.11955293704910012     
         226  0.11869643041015723     
         227  0.11784869591845044     
         228  0.11700959943348578     
         229  0.11617900926518739     
         230  0.11535679612927012     
         231  0.11454283310340987     
         232  0.11373699558419882     
         233  0.11293916124484628     
         234  0.11214920999363742     
         235  0.11136702393310123     
         236  0.11059248731990597     
         237  0.10982548652544465     
         238  0.10906590999709193     
         239  0.10831364822015108     
         240  0.10756859368043409     
         241  0.10683064082749907     
         242  0.10609968603851264     
         243  0.10537562758272746     
         244  0.10465836558657404     
         245  0.10394780199934243     
         246  0.10324384055945227     
         247  0.10254638676129911     
         248  0.10185534782266026     
         249  0.10117063265266793     
         250  0.10049215182031476     
         251   9.9819817523503968E-002
         252   9.9153543558629709E-002
         253   9.8493245290672285E-002
         254   9.7838839623808377E-002
         255   9.7190244972522669E-002
         256   9.6547381233213811E-002
         257   9.5910169756292268E-002
         258   9.5278533318750996E-002
         259   9.4652396097219885E-002
         260   9.4031683641469924E-002
         261   9.3416322848390632E-002
         262   9.2806241936411737E-002
         263   9.2201370420367662E-002
         264   9.1601639086801620E-002
         265   9.1006979969702806E-002
         266   9.0417326326668185E-002
         267   8.9832612615475302E-002
         268   8.9252774471080876E-002
         269   8.8677748683010912E-002
         270   8.8107473173158743E-002
         271   8.7541886973976232E-002
         272   8.6980930207052484E-002
         273   8.6424544062073519E-002
         274   8.5872670776157900E-002
         275   8.5325253613568228E-002
         276   8.4782236845781511E-002
         277   8.4243565731922113E-002
         278   8.3709186499550031E-002
         279   8.3179046325798575E-002
         280   8.2653093318850068E-002
         281   8.2131276499761943E-002
         282   8.1613545784612135E-002
         283   8.1099851966979525E-002
         284   8.0590146700755469E-002
         285   8.0084382483251698E-002
         286   7.9582512638649683E-002
         287   7.9084491301732104E-002
         288   7.8590273401936916E-002
         289   7.8099814647701479E-002
         290   7.7613071511100459E-002
         291   7.7130001212775370E-002
         292   7.6650561707150816E-002
         293   7.6174711667924430E-002
         294   7.5702410473843740E-002
         295   7.5233618194736410E-002
         296   7.4768295577831032E-002
         297   7.4306404034317930E-002
         298   7.3847905626182014E-002
         299   7.3392763053285168E-002
         300   7.2940939640697422E-002
         301   7.2492399326279489E-002
         302   7.2047106648491926E-002
         303   7.1605026734466282E-002
         304   7.1166125288282436E-002
         305   7.0730368579496550E-002
         306   7.0297723431881856E-002
         307   6.9868157212397738E-002
         308   6.9441637820375005E-002
         309   6.9018133676909427E-002
         310   6.8597613714477756E-002
         311   6.8180047366748972E-002
         312   6.7765404558601430E-002
         313   6.7353655696348116E-002
         314   6.6944771658140154E-002
         315   6.6538723784582060E-002
         316   6.6135483869520881E-002
         317   6.5735024151030511E-002
         318   6.5337317302572043E-002
         319   6.4942336424335098E-002
         320   6.4550055034758497E-002
         321   6.4160447062217421E-002
         322   6.3773486836877655E-002
         323   6.3389149082734020E-002
         324   6.3007408909780252E-002
         325   6.2628241806371915E-002
         326   6.2251623631722847E-002
         327   6.1877530608566829E-002
         328   6.1505939315966505E-002
         329   6.1136826682274173E-002
         330   6.0770169978231613E-002
         331   6.0405946810217721E-002
         332   6.0044135113637084E-002
         333   5.9684713146440783E-002
         334   5.9327659482786045E-002
         335   5.8972953006823786E-002
         336   5.8620572906621905E-002
         337   5.8270498668208853E-002
         338   5.7922710069746891E-002
         339   5.7577187175820513E-002
         340   5.7233910331855174E-002
         341   5.6892860158642374E-002
         342   5.6554017546986392E-002
         343   5.6217363652457303E-002
         344   5.5882879890267238E-002
         345   5.5550547930236477E-002
         346   5.5220349691879674E-002
         347   5.4892267339595457E-002
         348   5.4566283277945563E-002
         349   5.4242380147046618E-002
         350   5.3920540818054336E-002
         351   5.3600748388745623E-002
         352   5.3282986179190556E-002
         353   5.2967237727519170E-002
         354   5.2653486785774847E-002
         355   5.2341717315862811E-002
         356   5.2031913485581616E-002
         357   5.1724059664731474E-002
         358   5.1418140421316816E-002
         359   5.1114140517823835E-002
         360   5.0812044907580046E-002
         361   5.0511838731187801E-002
         362   5.0213507313036060E-002
         363   4.9917036157889796E-002
         364   4.9622410947544764E-002
         365   4.9329617537563562E-002
         366   4.9038641954069991E-002
         367   4.8749470390625313E-002
         368   4.8462089205156260E-002
         369   4.8176484916963476E-002
         370   4.7892644203780275E-002
         371   4.7610553898908239E-002
         372   4.7330200988402467E-002
         373   4.7051572608320422E-002
         374   4.6774656042036913E-002
         375   4.6499438717601309E-002
         376   4.6225908205170751E-002
         377   4.5954052214479436E-002
         378   4.5683858592372402E-002
         379   4.5415315320395548E-002
         380   4.5148410512422028E-002
         381   4.4883132412347516E-002
         382   4.4619469391824700E-002
         383   4.4357409948042520E-002
         384   4.4096942701567575E-002
         385   4.3838056394210304E-002
         386   4.3580739886956932E-002
         387   4.3324982157935815E-002
         388   4.3070772300427343E-002
         389   4.2818099520916510E-002
         390   4.2566953137185198E-002
         391   4.2317322576456602E-002
         392   4.2069197373557909E-002
         393   4.1822567169143253E-002
         394   4.1577421707941015E-002
         395   4.1333750837044776E-002
         396   4.1091544504235286E-002
         397   4.0850792756341334E-002
         398   4.0611485737637842E-002
         399   4.0373613688271769E-002
         400   4.0137166942724227E-002
         401   3.9902135928305084E-002
         402   3.9668511163681044E-002
         403   3.9436283257431391E-002
         404   3.9205442906632762E-002
         405   3.8975980895481807E-002
         406   3.8747888093935499E-002
         407   3.8521155456390371E-002
         408   3.8295774020378703E-002
         409   3.8071734905305438E-002
         410   3.7849029311195437E-002
         411   3.7627648517482105E-002
         412   3.7407583881808849E-002
         413   3.7188826838861488E-002
         414   3.6971368899227940E-002
         415   3.6755201648270938E-002
         416   3.6540316745036674E-002
         417   3.6326705921173277E-002
         418   3.6114360979887301E-002
         419   3.5903273794899201E-002
         420   3.5693436309446151E-002
         421   3.5484840535282502E-002
         422   3.5277478551717457E-002
         423   3.5071342504657030E-002
         424   3.4866424605684704E-002
         425   3.4662717131137923E-002
         426   3.4460212421222623E-002
         427   3.4258902879135661E-002
         428   3.4058780970206939E-002
         429   3.3859839221056724E-002
         430   3.3662070218777214E-002
         431   3.3465466610117831E-002
         432   3.3270021100701389E-002
         433   3.3075726454245245E-002
         434   3.2882575491796656E-002
         435   3.2690561090994760E-002
         436   3.2499676185338451E-002
         437   3.2309913763464086E-002
         438   3.2121266868451875E-002
         439   3.1933728597131790E-002
         440   3.1747292099408103E-002
         441   3.1561950577597857E-002
         442   3.1377697285786939E-002
         443   3.1194525529183264E-002
         444   3.1012428663501658E-002
         445   3.0831400094341547E-002
         446   3.0651433276597161E-002
         447   3.0472521713856993E-002
         448   3.0294658957832222E-002
         449   3.0117838607787453E-002
         450   2.9942054309981491E-002
         451   2.9767299757123607E-002
         452   2.9593568687835428E-002
         453   2.9420854886126044E-002
         454   2.9249152180872252E-002
         455   2.9078454445316544E-002
         456   2.8908755596564126E-002
         457   2.8740049595095414E-002
         458   2.8572330444286739E-002
         459   2.8405592189940345E-002
         460   2.8239828919819989E-002
         461   2.8075034763195988E-002
         462   2.7911203890399559E-002
         463   2.7748330512387138E-002
         464   2.7586408880300832E-002
         465   2.7425433285059794E-002
         466   2.7265398056928160E-002
         467   2.7106297565121316E-002
         468   2.6948126217392610E-002
         469   2.6790878459650176E-002
         470   2.6634548775557113E-002
         471   2.6479131686161957E-002
         472   2.6324621749515810E-002
         473   2.6171013560308525E-002
         474   2.6018301749506478E-002
         475   2.5866480983992940E-002
         476   2.5715545966222650E-002
         477   2.5565491433878370E-002
         478   2.5416312159524179E-002
         479   2.5268002950283662E-002
         480   2.5120558647501998E-002
         481   2.4973974126431580E-002
         482   2.4828244295912492E-002
         483   2.4683364098056892E-002
         484   2.4539328507945688E-002
         485   2.4396132533328247E-002
         486   2.4253771214319479E-002
         487   2.4112239623111945E-002
         488   2.3971532863682535E-002
         489   2.3831646071514976E-002
         490   2.3692574413316594E-002
         491   2.3554313086742489E-002
         492   2.3416857320127236E-002
         493   2.3280202372215050E-002
         494   2.3144343531900365E-002
         495   2.3009276117964397E-002
         496   2.2874995478824531E-002
         497   2.2741496992278412E-002
         498   2.2608776065263007E-002
         499   2.2476828133599164E-002
         500   2.2345648661762918E-002
         501   2.2215233142641198E-002
         502   2.2085577097297700E-002
         503   2.1956676074747460E-002
         504   2.1828525651725203E-002
         505   2.1701121432461900E-002
         506   2.1574459048462592E-002
         507   2.1448534158291215E-002
         508   2.1323342447353410E-002
         509   2.1198879627685838E-002
         510   2.1075141437742188E-002
         511   2.0952123642194394E-002
         512   2.0829822031722647E-002
         513   2.0708232422813437E-002
         514   2.0587350657567765E-002
         515   2.0467172603498143E-002
         516   2.0347694153338387E-002
         517   2.0228911224851976E-002
         518   2.0110819760643561E-002
         519   1.9993415727970990E-002
         520   1.9876695118567000E-002
         521   1.9760653948448809E-002
         522   1.9645288257744521E-002
         523   1.9530594110517000E-002
         524   1.9416567594583229E-002
         525   1.9303204821345229E-002
         526   1.9190501925619316E-002
         527   1.9078455065467244E-002
         528   1.8967060422023813E-002
         529   1.8856314199338968E-002
         530   1.8746212624211885E-002
         531   1.8636751946029019E-002
         532   1.8527928436606132E-002
         533   1.8419738390026301E-002
         534   1.8312178122491630E-002
         535   1.8205243972163752E-002
         536   1.8098932299011508E-002
         537   1.7993239484660698E-002
         538   1.7888161932248511E-002
         539   1.7783696066268680E-002
         540   1.7679838332434090E-002
         541   1.7576585197523871E-002
         542   1.7473933149248472E-002
         543   1.7371878696101340E-002
         544   1.7270418367223532E-002
         545   1.7169548712262450E-002
         546   1.7069266301237163E-002
         547   1.6969567724402019E-002
         548   1.6870449592108545E-002
         549   1.6771908534677516E-002
         550   1.6673941202268217E-002
         551   1.6576544264740270E-002
         552   1.6479714411531881E-002
         553   1.6383448351530449E-002
         554   1.6287742812941177E-002
         555   1.6192594543168758E-002
         556   1.6098000308688590E-002
         557   1.6003956894924697E-002
         558   1.5910461106129020E-002
         559   1.5817509765254808E-002
         560   1.5725099713848330E-002
         561   1.5633227811917377E-002
         562   1.5541890937824449E-002
         563   1.5451085988160437E-002
         564   1.5360809877640529E-002
         565   1.5271059538977411E-002
         566   1.5181831922777562E-002
         567   1.5093123997422082E-002
         568   1.5004932748962588E-002
         569   1.4917255181003085E-002
         570   1.4830088314593865E-002
         571   1.4743429188125292E-002
         572   1.4657274857214379E-002
         573   1.4571622394604180E-002
         574   1.4486468890051512E-002
         575   1.4401811450228104E-002
         576   1.4317647198611387E-002
         577   1.4233973275385121E-002
         578   1.4150786837334480E-002
         579   1.4068085057744662E-002
         580   1.3985865126299638E-002
         581   1.3904124248985810E-002
         582   1.3822859647985339E-002
         583   1.3742068561585340E-002
         584   1.3661748244077567E-002
         585   1.3581895965658626E-002
         586   1.3502509012337693E-002
         587   1.3423584685837511E-002
         588   1.3345120303503622E-002
         589   1.3267113198206802E-002
         590   1.3189560718251782E-002
         591   1.3112460227284354E-002
         592   1.3035809104199929E-002
         593   1.2959604743050029E-002
         594   1.2883844552952189E-002
         595   1.2808525958006070E-002
         596   1.2733646397196567E-002
         597   1.2659203324304105E-002
         598   1.2585194207825539E-002
         599   1.2511616530882848E-002
         600   1.2438467791131979E-002
         601   1.2365745500680795E-002
         602   1.2293447186003731E-002
         603   1.2221570387857679E-002
         604   1.2150112661194864E-002
         605   1.2079071575080929E-002
         606   1.2008444712612549E-002
         607   1.1938229670831337E-002
         608   1.1868424060648025E-002
         609   1.1799025506755153E-002
         610   1.1730031647548406E-002
         611   1.1661440135049906E-002
         612   1.1593248634820533E-002
         613   1.1525454825888943E-002
         614   1.1458056400666487E-002
         615   1.1391051064875703E-002
         616   1.1324436537464956E-002
         617   1.1258210550537209E-002
         618   1.1192370849270054E-002
         619   1.1126915191843516E-002
         620   1.1061841349358364E-002
         621   1.0997147105768105E-002
         622   1.0932830257799954E-002
         623   1.0868888614880430E-002
         624   1.0805319999062216E-002
         625   1.0742122244955301E-002
         626   1.0679293199645442E-002
         627   1.0616830722630725E-002
         628   1.0554732685747329E-002
         629   1.0492996973091922E-002
         630   1.0431621480959628E-002
         631   1.0370604117770745E-002
         632   1.0309942803996382E-002
         633   1.0249635472094013E-002
         634   1.0189680066438143E-002
         635   1.0130074543246860E-002
         636   1.0070816870521216E-002
         637   1.0011905027969023E-002
         638   9.9533370069448835E-003
         639   9.8951108103777687E-003
         640   9.8372244527066451E-003
         641   9.7796759598156313E-003
         642   9.7224633689639503E-003
         643   9.6655847287262474E-003
         644   9.6090380989228633E-003
         645   9.5528215505597865E-003
         646   9.4969331657593480E-003
         647   9.4413710376980309E-003
         648   9.3861332705461580E-003
         649   9.3312179794018627E-003
         650   9.2766232902311910E-003
         651   9.2223473397989152E-003
         652   9.1683882756164320E-003
         653   9.1147442558731414E-003
         654   9.0614134493780338E-003
         655   9.0083940354986416E-003
         656   8.9556842040998466E-003
         657   8.9032821554849741E-003
         658   8.8511861003347982E-003
         659   8.7993942596479111E-003
         660   8.7479048646837958E-003
         661   8.6967161569041860E-003
         662   8.6458263879100015E-003
         663   8.5952338193906533E-003
         664   8.5449367230594625E-003
         665   8.4949333806028007E-003
         666   8.4452220836159150E-003
         667   8.3958011335519157E-003
         668   8.3466688416653344E-003
         669   8.2978235289524419E-003
         670   8.2492635260975333E-003
         671   8.2009871734206301E-003
         672   8.1529928208155071E-003
         673   8.1052788277019890E-003
         674   8.0578435629697145E-003
         675   8.0106854049172005E-003
         676   7.9638027412110238E-003
         677   7.9171939688214479E-003
         678   7.8708574939727709E-003
         679   7.8247917320933159E-003
         680   7.7789951077582723E-003
         681   7.7334660546402095E-003
         682   7.6882030154571774E-003
         683   7.6432044419219459E-003
         684   7.5984687946843510E-003
         685   7.5539945432911921E-003
         686   7.5097801661248428E-003
         687   7.4658241503592227E-003
         688   7.4221249919083805E-003
         689   7.3786811953754586E-003
         690   7.3354912740019769E-003
         691   7.2925537496250628E-003
         692   7.2498671526187459E-003
         693   7.2074300218512560E-003
         694   7.1652409046363960E-003
         695   7.1232983566838865E-003
         696   7.0816009420521919E-003
         697   7.0401472330997913E-003
         698   6.9989358104382560E-003
         699   6.9579652628893934E-003
         700   6.9172341874272842E-003
         701   6.8767411891442528E-003
         702   6.8364848811982050E-003
         703   6.7964638847660954E-003
         704   6.7566768290006464E-003
         705   6.7171223509828078E-003
         706   6.6777990956808017E-003
         707   6.6387057158961661E-003
         708   6.5998408722290408E-003
         709   6.5612032330261468E-003
         710   6.5227914743407776E-003
         711   6.4846042798905375E-003
         712   6.4466403410037322E-003
         713   6.4088983565878830E-003
         714   6.3713770330816027E-003
         715   6.3340750844069508E-003
         716   6.2969912319330908E-003
         717   6.2601242044350450E-003
         718   6.2234727380417560E-003
         719   6.1870355762053643E-003
         720   6.1508114696496021E-003
         721   6.1147991763371295E-003
         722   6.0789974614193333E-003
         723   6.0434050972052542E-003
         724   6.0080208631086074E-003
         725   5.9728435456188698E-003
         726   5.9378719382541826E-003
         727   5.9031048415203987E-003
         728   5.8685410628757052E-003
         729   5.8341794166857875E-003
         730   5.8000187241900210E-003
         731   5.7660578134583508E-003
         732   5.7322955193512704E-003
         733   5.6987306834820270E-003
         734   5.6653621541803362E-003
         735   5.6321887864523197E-003
         736   5.5992094419412891E-003
         737   5.5664229888885914E-003
         738   5.5338283021025541E-003
         739   5.5014242629099720E-003
         740   5.4692097591286385E-003
         741   5.4371836850269388E-003
         742   5.4053449412849340E-003
         743   5.3736924349580412E-003
         744   5.3422250794417075E-003
         745   5.3109417944378276E-003
         746   5.2798415059105951E-003
         747   5.2489231460593816E-003
         748   5.2181856532783483E-003
         749   5.1876279721233820E-003
         750   5.1572490532698469E-003
         751   5.1270478534893348E-003
         752   5.0970233356019221E-003
         753   5.0671744684537166E-003
         754   5.0375002268726330E-003
         755   5.0079995916379235E-003
         756   4.9786715494473076E-003
         757   4.9495150928796491E-003
         758   4.9205292203655772E-003
         759   4.8917129361475660E-003
         760   4.8630652502544437E-003
         761   4.8345851784623089E-003
         762   4.8062717422631407E-003
         763   4.7781239688324479E-003
         764   4.7501408909940935E-003
         765   4.7223215471950009E-003
         766   4.6946649814642999E-003
         767   4.6671702433849979E-003
         768   4.6398363880640024E-003
         769   4.6126624760950341E-003
         770   4.5856475735341368E-003
         771   4.5587907518621169E-003
         772   4.5320910879532474E-003
         773   4.5055476640552383E-003
         774   4.4791595677411648E-003
         775   4.4529258918895595E-003
         776   4.4268457346555773E-003
         777   4.4009181994319737E-003
         778   4.3751423948284402E-003
         779   4.3495174346329813E-003
         780   4.3240424377882962E-003
         781   4.2987165283611684E-003
         782   4.2735388355090867E-003
         783   4.2485084934557110E-003
         784   4.2236246414577641E-003
         785   4.1988864237791365E-003
         786   4.1742929896621365E-003
         787   4.1498434932934064E-003
         788   4.1255370937858717E-003
         789   4.1013729551367542E-003
         790   4.0773502462135318E-003
         791   4.0534681407125538E-003
         792   4.0297258171439320E-003
         793   4.0061224587943020E-003
         794   3.9826572537002732E-003
         795   3.9593293946284837E-003
         796   3.9361380790415941E-003
         797   3.9130825090693449E-003
         798   3.8901618914888559E-003
         799   3.8673754376945275E-003
         800   3.8447223636665939E-003
         801   3.8222018899528496E-003
         802   3.7998132416396284E-003
         803   3.7775556483175435E-003
         804   3.7554283440715281E-003
         805   3.7334305674399161E-003
         806   3.7115615613946885E-003
         807   3.6898205733186694E-003
         808   3.6682068549757224E-003
         809   3.6467196624854841E-003
         810   3.6253582563017740E-003
         811   3.6041219011856765E-003
         812   3.5830098661785441E-003
         813   3.5620214245791694E-003
         814   3.5411558539211931E-003
         815   3.5204124359469458E-003
         816   3.4997904565777695E-003
         817   3.4792892059009916E-003
         818   3.4589079781368408E-003
         819   3.4386460716175717E-003
         820   3.4185027887652215E-003
         821   3.3984774360633712E-003
         822   3.3785693240377421E-003
         823   3.3587777672351433E-003
         824   3.3391020841931421E-003
         825   3.3195415974202214E-003
         826   3.3000956333744768E-003
         827   3.2807635224415804E-003
         828   3.2615445989073624E-003
         829   3.2424382009373170E-003
         830   3.2234436705567298E-003
         831   3.2045603536256691E-003
         832   3.1857875998174646E-003
         833   3.1671247625979591E-003
         834   3.1485711991986491E-003
         835   3.1301262706028639E-003
         836   3.1117893415152655E-003
         837   3.0935597803482657E-003
         838   3.0754369591956838E-003
         839   3.0574202538126093E-003
         840   3.0395090435960904E-003
         841   3.0217027115588577E-003
         842   3.0040006443143711E-003
         843   2.9864022320500523E-003
         844   2.9689068685163195E-003
         845   2.9515139509959810E-003
         846   2.9342228802841665E-003
         847   2.9170330606759012E-003
         848   2.8999438999390476E-003
         849   2.8829548092953201E-003
         850   2.8660652034039709E-003
         851   2.8492745003364434E-003
         852   2.8325821215593829E-003
         853   2.8159874919161856E-003
         854   2.7994900396052921E-003
         855   2.7830891961612768E-003
         856   2.7667843964348949E-003
         857   2.7505750785771716E-003
         858   2.7344606840134129E-003
         859   2.7184406574321902E-003
         860   2.7025144467610466E-003
         861   2.6866815031520832E-003
         862   2.6709412809550579E-003
         863   2.6552932377083829E-003
         864   2.6397368341168287E-003
         865   2.6242715340300420E-003
         866   2.6088968044298299E-003
         867   2.5936121154076790E-003
         868   2.5784169401512316E-003
         869   2.5633107549161366E-003
         870   2.5482930390248659E-003
         871   2.5333632748311464E-003
         872   2.5185209477190753E-003
         873   2.5037655460684364E-003
         874   2.4890965612507543E-003
         875   2.4745134876091235E-003
         876   2.4600158224345279E-003
         877   2.4456030659556309E-003
         878   2.4312747213203049E-003
         879   2.4170302945738806E-003
         880   2.4028692946501764E-003
         881   2.3887912333480001E-003
         882   2.3747956253198596E-003
         883   2.3608819880496573E-003
         884   2.3470498418394674E-003
         885   2.3332987097971344E-003
         886   2.3196281178093012E-003
         887   2.3060375945373876E-003
         888   2.2925266713928229E-003
         889   2.2790948825235457E-003
         890   2.2657417648018993E-003
         891   2.2524668578006919E-003
         892   2.2392697037873946E-003
         893   2.2261498476996459E-003
         894   2.2131068371334141E-003
         895   2.2001402223300738E-003
         896   2.1872495561590707E-003
         897   2.1744343940947354E-003
         898   2.1616942942206700E-003
         899   2.1490288171909368E-003
         900   2.1364375262320598E-003
         901   2.1239199871232106E-003
         902   2.1114757681786720E-003
         903   2.0991044402339618E-003
         904   2.0868055766349726E-003
         905   2.0745787532199253E-003
         906   2.0624235483060692E-003
         907   2.0503395426720718E-003
         908   2.0383263195495821E-003
         909   2.0263834646039266E-003
         910   2.0145105659250414E-003
         911   2.0027072140038865E-003
         912   1.9909730017309969E-003
         913   1.9793075243740971E-003
         914   1.9677103795642001E-003
         915   1.9561811672884409E-003
         916   1.9447194898667877E-003
         917   1.9333249519474099E-003
         918   1.9219971604883790E-003
         919   1.9107357247446655E-003
         920   1.8995402562561286E-003
         921   1.8884103688322725E-003
         922   1.8773456785405019E-003
         923   1.8663458036969074E-003
         924   1.8554103648370781E-003
         925   1.8445389847288611E-003
         926   1.8337312883381193E-003
         927   1.8229869028222700E-003
         928   1.8123054575230409E-003
         929   1.8016865839453305E-003
         930   1.7911299157492041E-003
         931   1.7806350887383106E-003
         932   1.7702017408454565E-003
         933   1.7598295121174720E-003
         934   1.7495180447094703E-003
         935   1.7392669828684034E-003
         936   1.7290759729183924E-003
         937   1.7189446632547495E-003
         938   1.7088727043276521E-003
         939   1.6988597486302997E-003
         940   1.6889054506899444E-003
         941   1.6790094670539762E-003
         942   1.6691714562762912E-003
         943   1.6593910789091382E-003
         944   1.6496679974889127E-003
         945   1.6400018765286471E-003
         946   1.6303923824982560E-003
         947   1.6208391838209305E-003
         948   1.6113419508607700E-003
         949   1.6019003559078087E-003
         950   1.5925140731676171E-003
         951   1.5831827787543781E-003
         952   1.5739061506742493E-003
         953   1.5646838688174814E-003
         954   1.5555156149474046E-003
         955   1.5464010726865460E-003
         956   1.5373399275113104E-003
         957   1.5283318667353863E-003
         958   1.5193765795018274E-003
         959   1.5104737567735273E-003
         960   1.5016230913170118E-003
         961   1.4928242777039716E-003
         962   1.4840770122838917E-003
         963   1.4753809931892512E-003
         964   1.4667359203131732E-003
         965   1.4581414953111131E-003
         966   1.4495974215758109E-003
         967   1.4411034042395743E-003
         968   1.4326591501639871E-003
         969   1.4242643679160322E-003
         970   1.4159187677740106E-003
         971   1.4076220617131627E-003
         972   1.3993739633875089E-003
         973   1.3911741881319968E-003
         974   1.3830224529430123E-003
         975   1.3749184764760764E-003
         976   1.3668619790292724E-003
         977   1.3588526825411811E-003
         978   1.3508903105761731E-003
         979   1.3429745883132068E-003
         980   1.3351052425439403E-003
         981   1.3272820016555617E-003
         982   1.3195045956254032E-003
         983   1.3117727560088997E-003
         984   1.3040862159369715E-003
         985   1.2964447100988607E-003
         986   1.2888479747345390E-003
         987   1.2812957476347174E-003
         988   1.2737877681149189E-003
         989   1.2663237770219099E-003
         990   1.2589035167214649E-003
         991   1.2515267310796844E-003
         992   1.2441931654667536E-003
         993   1.2369025667426186E-003
         994   1.2296546832475234E-003
         995   1.2224492647948889E-003
         996   1.2152860626629032E-003
         997   1.2081648295826529E-003
         998   1.2010853197384570E-003
         999   1.1940472887470880E-003
        1000   1.1870504936578232E-003
        1001   1.1800946929435866E-003
        1002   1.1731796464870116E-003
        1003   1.1663051155820618E-003
        1004   1.1594708629135725E-003
        1005   1.1526766525588210E-003
        1006   1.1459222499754563E-003
        1007   1.1392074219928950E-003
        1008   1.1325319368080489E-003
        1009   1.1258955639723146E-003
        1010   1.1192980743864242E-003
        1011   1.1127392402900933E-003
        1012   1.1062188352616148E-003
        1013   1.0997366341988163E-003
        1014   1.0932924133226173E-003
        1015   1.0868859501578178E-003
        1016   1.0805170235363044E-003
        1017   1.0741854135830617E-003
        1018   1.0678909017102182E-003
        1019   1.0616332706092049E-003
        1020   1.0554123042426341E-003
        1021   1.0492277878404266E-003
        1022   1.0430795078877062E-003
        1023   1.0369672521211078E-003
        1024   1.0308908095168214E-003
        1025   1.0248499702895496E-003
        1026   1.0188445258813800E-003
        1027   1.0128742689551346E-003
        1028   1.0069389933868903E-003
        1029   1.0010384942597439E-003
        1030   9.9517256785632696E-004
        1031   9.8934101165342077E-004
        1032   9.8354362431171574E-004
        1033   9.7778020567146156E-004
        1034   9.7205055674363797E-004
        1035   9.6635447970553224E-004
        1036   9.6069177789322537E-004
        1037   9.5506225579287062E-004
        1038   9.4946571903467016E-004
        1039   9.4390197439021535E-004
        1040   9.3837082975707046E-004
        1041   9.3287209416266991E-004
        1042   9.2740557775110961E-004
        1043   9.2197109177577421E-004
        1044   9.1656844859733288E-004
        1045   9.1119746167515989E-004
        1046   9.0585794556046449E-004
        1047   9.0054971588877464E-004
        1048   8.9527258937936618E-004
        1049   8.9002638381944403E-004
        1050   8.8481091806689928E-004
        1051   8.7962601203845714E-004
        1052   8.7447148670605722E-004
        1053   8.6934716408985457E-004
        1054   8.6425286725258402E-004
        1055   8.5918842029071140E-004
        1056   8.5415364833404321E-004
        1057   8.4914837753429309E-004
        1058   8.4417243506235769E-004
        1059   8.3922564909950188E-004
        1060   8.3430784883558803E-004
        1061   8.2941886445865197E-004
        1062   8.2455852715001068E-004
        1063   8.1972666908394169E-004
        1064   8.1492312341332411E-004
        1065   8.1014772427074385E-004
        1066   8.0540030675800274E-004
        1067   8.0068070694352912E-004
        1068   7.9598876185613902E-004
        1069   7.9132430947850276E-004
        1070   7.8668718874242728E-004
        1071   7.8207723952379994E-004
        1072   7.7749430263374705E-004
        1073   7.7293821981605406E-004
        1074   7.6840883374576562E-004
        1075   7.6390598801366724E-004
        1076   7.5942952712751953E-004
        1077   7.5497929650964401E-004
        1078   7.5055514248297038E-004
        1079   7.4615691227303542E-004
        1080   7.4178445399927144E-004
        1081   7.3743761667134796E-004
        1082   7.3311625018030986E-004
        1083   7.2882020530215150E-004
        1084   7.2454933368139372E-004
        1085   7.2030348783283429E-004
        1086   7.1608252113635775E-004
        1087   7.1188628782879325E-004
        1088   7.0771464300332075E-004
        1089   7.0356744259993792E-004
        1090   6.9944454340067084E-004
        1091   6.9534580302953576E-004
        1092   6.9127107994161889E-004
        1093   6.8722023342400343E-004
        1094   6.8319312358864704E-004
        1095   6.7918961135994234E-004
        1096   6.7520955848300243E-004
        1097   6.7125282751312779E-004
        1098   6.6731928180651723E-004
        1099   6.6340878552247952E-004
        1100   6.5952120361586597E-004
        1101   6.5565640183254457E-004
        1102   6.5181424670245622E-004
        1103   6.4799460553953078E-004
        1104   6.4419734643453340E-004
        1105   6.4042233825120339E-004
        1106   6.3666945062097518E-004
        1107   6.3293855393631825E-004
        1108   6.2922951935464005E-004
        1109   6.2554221878365914E-004
        1110   6.2187652488070362E-004
        1111   6.1823231105190756E-004
        1112   6.1460945144414087E-004
        1113   6.1100782094103943E-004
        1114   6.0742729515725130E-004
        1115   6.0386775043949669E-004
        1116   6.0032906385634234E-004
        1117   5.9681111319729837E-004
        1118   5.9331377696901608E-004
        1119   5.8983693438552592E-004
        1120   5.8638046537340133E-004
        1121   5.8294425055990676E-004
        1122   5.7952817127174077E-004
        1123   5.7613210953223173E-004
        1124   5.7275594805227426E-004
        1125   5.6939957023438396E-004
        1126   5.6606286016153162E-004
        1127   5.6274570259470704E-004
        1128   5.5944798297004946E-004
        1129   5.5616958740085107E-004
        1130   5.5291040265775457E-004
        1131   5.4967031618228027E-004
        1132   5.4644921607163136E-004
        1133   5.4324699107883830E-004
        1134   5.4006353061059704E-004
        1135   5.3689872471988974E-004
        1136   5.3375246410209429E-004
        1137   5.3062464009854984E-004
        1138   5.2751514467848501E-004
        1139   5.2442387045247571E-004
        1140   5.2135071065525162E-004
        1141   5.1829555914771315E-004
        1142   5.1525831041493637E-004
        1143   5.1223885955480400E-004
        1144   5.0923710228849154E-004
        1145   5.0625293493706039E-004
        1146   5.0328625443941467E-004
        1147   5.0033695832876724E-004
        1148   4.9740494474545505E-004
        1149   4.9449011242580401E-004
        1150   4.9159236069624046E-004
        1151   4.8871158947338196E-004
        1152   4.8584769926333997E-004
        1153   4.8300059115235003E-004
        1154   4.8017016680659293E-004
        1155   4.7735632846982145E-004
        1156   4.7455897895525191E-004
        1157   4.7177802164838654E-004
        1158   4.6901336049963015E-004
        1159   4.6626490002408990E-004
        1160   4.6353254529099178E-004
        1161   4.6081620192886411E-004
        1162   4.5811577612413289E-004
        1163   4.5543117460444523E-004
        1164   4.5276230464712502E-004
        1165   4.5010907407469210E-004
        1166   4.4747139124629270E-004
        1167   4.4484916506050447E-004
        1168   4.4224230494976447E-004
        1169   4.3965072087442811E-004
        1170   4.3707432332523808E-004
        1171   4.3451302331692530E-004
        1172   4.3196673238137244E-004
        1173   4.2943536257517814E-004
        1174   4.2691882646737038E-004
        1175   4.2441703713732459E-004
        1176   4.2192990817406983E-004
        1177   4.1945735367743329E-004
        1178   4.1699928824604984E-004
        1179   4.1455562697869134E-004
        1180   4.1212628547396496E-004
        1181   4.0971117982235438E-004
        1182   4.0731022660949281E-004
        1183   4.0492334290763172E-004
        1184   4.0255044627334982E-004
        1185   4.0019145474850447E-004
        1186   3.9784628685416644E-004
        1187   3.9551486158925011E-004
        1188   3.9319709842722440E-004
        1189   3.9089291731288483E-004
        1190   3.8860223865985928E-004
        1191   3.8632498334831473E-004
        1192   3.8406107272343892E-004
        1193   3.8181042858909120E-004
        1194   3.7957297320793612E-004
        1195   3.7734862929965048E-004
        1196   3.7513732003279426E-004
        1197   3.7293896903017491E-004
        1198   3.7075350036169748E-004
        1199   3.6858083853753755E-004
        1200   3.6642090851604127E-004
        1201   3.6427363569238418E-004
        1202   3.6213894589892323E-004
        1203   3.6001676540274976E-004
        1204   3.5790702090438990E-004
        1205   3.5580963952980640E-004
        1206   3.5372454883713191E-004
        1207   3.5165167680412145E-004
        1208   3.4959095183389539E-004
        1209   3.4754230274910335E-004
        1210   3.4550565878649727E-004
        1211   3.4348094960041372E-004
        1212   3.4146810525476247E-004
        1213   3.3946705622599189E-004
        1214   3.3747773339505273E-004
        1215   3.3550006805133710E-004
        1216   3.3353399188344165E-004
        1217   3.3157943698158701E-004
        1218   3.2963633583301495E-004
        1219   3.2770462132381044E-004
        1220   3.2578422672830732E-004
        1221   3.2387508571599116E-004
        1222   3.2197713234271902E-004
        1223   3.2009030104961176E-004
        1224   3.1821452666654017E-004
        1225   3.1634974440142343E-004
        1226   3.1449588984207587E-004
        1227   3.1265289895471033E-004
        1228   3.1082070807890270E-004
        1229   3.0899925393173286E-004
        1230   3.0718847359521265E-004
        1231   3.0538830452448611E-004
        1232   3.0359868453776103E-004
        1233   3.0181955182118899E-004
        1234   3.0005084492010947E-004
        1235   2.9829250274133524E-004
        1236   2.9654446455008453E-004
        1237   2.9480666996542596E-004
        1238   2.9307905896109058E-004
        1239   2.9136157186463124E-004
        1240   2.8965414935106849E-004
        1241   2.8795673244181338E-004
        1242   2.8626926250777145E-004
        1243   2.8459168125930645E-004
        1244   2.8292393075210752E-004
        1245   2.8126595337769564E-004
        1246   2.7961769186705216E-004
        1247   2.7797908928683317E-004
        1248   2.7635008903868449E-004
        1249   2.7473063484991905E-004
        1250   2.7312067078563116E-004
        1251   2.7152014123447965E-004
        1252   2.6992899091033947E-004
        1253   2.6834716485027514E-004
        1254   2.6677460841960311E-004
        1255   2.6521126729636186E-004
        1256   2.6365708747858328E-004
        1257   2.6211201528543205E-004
        1258   2.6057599734395073E-004
        1259   2.5904898059986493E-004
        1260   2.5753091230522004E-004
        1261   2.5602174002333416E-004
        1262   2.5452141162397618E-004
        1263   2.5302987528375600E-004
        1264   2.5154707948262325E-004
        1265   2.5007297300037401E-004
        1266   2.4860750491797362E-004
        1267   2.4715062461478336E-004
        1268   2.4570228176955039E-004
        1269   2.4426242635199416E-004
        1270   2.4283100862551607E-004
        1271   2.4140797914617323E-004
        1272   2.3999328876124021E-004
        1273   2.3858688860116855E-004
        1274   2.3718873008766675E-004
        1275   2.3579876492581915E-004
        1276   2.3441694510069170E-004
        1277   2.3304322288341487E-004
        1278   2.3167755082052001E-004
        1279   2.3031988173915883E-004
        1280   2.2897016874384707E-004
        1281   2.2762836521024853E-004
        1282   2.2629442478910280E-004
        1283   2.2496830140467390E-004
        1284   2.2364994924799279E-004
        1285   2.2233932278053608E-004
        1286   2.2103637673092215E-004
        1287   2.1974106608874981E-004
        1288   2.1845334611560443E-004
        1289   2.1717317232702209E-004
        1290   2.1590050050283044E-004
        1291   2.1463528668224540E-004
        1292   2.1337748716253042E-004
        1293   2.1212705849604348E-004
        1294   2.1088395748705018E-004
        1295   2.0964814119771012E-004
        1296   2.0841956693965134E-004
        1297   2.0719819227374940E-004
        1298   2.0598397501155722E-004
        1299   2.0477687321001939E-004
        1300   2.0357684517335677E-004
        1301   2.0238384944748042E-004
        1302   2.0119784482567580E-004
        1303   2.0001879033818394E-004
        1304   1.9884664525743237E-004
        1305   1.9768136909585483E-004
        1306   1.9652292159908529E-004
        1307   1.9537126275270131E-004
        1308   1.9422635277413085E-004
        1309   1.9308815211628444E-004
        1310   1.9195662146315043E-004
        1311   1.9083172172546856E-004
        1312   1.8971341404736388E-004
        1313   1.8860165979970976E-004
        1314   1.8749642057951728E-004
        1315   1.8639765820725927E-004
        1316   1.8530533472987587E-004
        1317   1.8421941241460920E-004
        1318   1.8313985375108399E-004
        1319   1.8206662144683655E-004
        1320   1.8099967843034724E-004
        1321   1.7993898784669814E-004
        1322   1.7888451305414691E-004
        1323   1.7783621763072728E-004
        1324   1.7679406536399693E-004
        1325   1.7575802025331558E-004
        1326   1.7472804651291361E-004
        1327   1.7370410856266765E-004
        1328   1.7268617103359798E-004
        1329   1.7167419876202328E-004
        1330   1.7066815679263894E-004
        1331   1.6966801037275240E-004
        1332   1.6867372495360362E-004
        1333   1.6768526619021743E-004
        1334   1.6670259993932225E-004
        1335   1.6572569225349159E-004
        1336   1.6475450938930591E-004
        1337   1.6378901779854214E-004
        1338   1.6282918413086726E-004
        1339   1.6187497522912624E-004
        1340   1.6092635813361026E-004
        1341   1.5998330007347853E-004
        1342   1.5904576847450966E-004
        1343   1.5811373094955366E-004
        1344   1.5718715530576481E-004
        1345   1.5626600953356576E-004
        1346   1.5535026181497035E-004
        1347   1.5443988051622447E-004
        1348   1.5353483419119036E-004
        1349   1.5263509157430614E-004
        1350   1.5174062158605350E-004
        1351   1.5085139333047886E-004
        1352   1.4996737608866283E-004
        1353   1.4908853932409525E-004
        1354   1.4821485267876494E-004
        1355   1.4734628597318840E-004
        1356   1.4648280920366455E-004
        1357   1.4562439254166650E-004
        1358   1.4477100633604752E-004
        1359   1.4392262110887079E-004
        1360   1.4307920755068731E-004
        1361   1.4224073652979459E-004
        1362   1.4140717908249170E-004
        1363   1.4057850641372617E-004
        1364   1.3975468989809429E-004
        1365   1.3893570107986446E-004
        1366   1.3812151166595128E-004
        1367   1.3731209353394668E-004
        1368   1.3650741872125256E-004
        1369   1.3570745943331924E-004
        1370   1.3491218803567403E-004
        1371   1.3412157705749910E-004
        1372   1.3333559918895306E-004
        1373   1.3255422727772361E-004
        1374   1.3177743433297025E-004
        1375   1.3100519352210653E-004
        1376   1.3023747817000937E-004
        1377   1.2947426175476706E-004
        1378   1.2871551791445772E-004
        1379   1.2796122043830609E-004
        1380   1.2721134326992072E-004
        1381   1.2646586050644166E-004
        1382   1.2572474639473532E-004
        1383   1.2498797533616509E-004
        1384   1.2425552187940531E-004
        1385   1.2352736072290563E-004
        1386   1.2280346671212646E-004
        1387   1.2208381484090676E-004
        1388   1.2136838025220325E-004
        1389   1.2065713823182237E-004
        1390   1.1995006420785853E-004
        1391   1.1924713375759595E-004
        1392   1.1854832259899658E-004
        1393   1.1785360659427234E-004
        1394   1.1716296174256701E-004
        1395   1.1647636418755822E-004
        1396   1.1579379021132662E-004
        1397   1.1511521623753058E-004
        1398   1.1444061882222607E-004
        1399   1.1376997466265483E-004
        1400   1.1310326059430023E-004
        1401   1.1244045358735974E-004
        1402   1.1178153074222784E-004
        1403   1.1112646929980592E-004
        1404   1.1047524663037918E-004
        1405   1.0982784023918325E-004
        1406   1.0918422776209743E-004
        1407   1.0854438696646133E-004
        1408   1.0790829575039860E-004
        1409   1.0727593214000263E-004
        1410   1.0664727429057429E-004
        1411   1.0602230048792806E-004
        1412   1.0540098913972546E-004
        1413   1.0478331878642911E-004
        1414   1.0416926809011844E-004
        1415   1.0355881584040455E-004
        1416   1.0295194094728811E-004
        1417   1.0234862244939016E-004
        1418   1.0174883950524711E-004
        1419   1.0115257139577206E-004
        1420   1.0055979752223083E-004
        1421   9.9970497410959420E-005
        1422   9.9384650703126455E-005
        1423   9.8802237161275190E-005
        1424   9.8223236667200578E-005
        1425   9.7647629220046965E-005
        1426   9.7075394936008526E-005
        1427   9.6506514047374858E-005
        1428   9.5940966903005571E-005
        1429   9.5378733967449745E-005
        1430   9.4819795818047828E-005
        1431   9.4264133147593568E-005
        1432   9.3711726760293694E-005
        1433   9.3162557574824975E-005
        1434   9.2616606620200871E-005
        1435   9.2073855036768911E-005
        1436   9.1534284078450943E-005
        1437   9.0997875101730171E-005
        1438   9.0464609580830061E-005
        1439   8.9934469093109486E-005
        1440   8.9407435325350427E-005
        1441   8.8883490072099231E-005
        1442   8.8362615235060277E-005
        1443   8.7844792818650473E-005
        1444   8.7330004936673241E-005
        1445   8.6818233807272867E-005
        1446   8.6309461750046500E-005
        1447   8.5803671191200117E-005
        1448   8.5300844658089348E-005
        1449   8.4800964781254196E-005
        1450   8.4304014294562981E-005
        1451   8.3809976027539087E-005
        1452   8.3318832917465133E-005
        1453   8.2830567996102549E-005
        1454   8.2345164399068413E-005
        1455   8.1862605356586605E-005
        1456   8.1382874200339615E-005
        1457   8.0905954356739576E-005
        1458   8.0431829353698445E-005
        1459   7.9960482810740877E-005
        1460   7.9491898447806429E-005
        1461   7.9026060075956618E-005
        1462   7.8562951603806236E-005
        1463   7.8102557035168770E-005
        1464   7.7644860464928019E-005
        1465   7.7189846081871714E-005
        1466   7.6737498167823800E-005
        1467   7.6287801099834428E-005
        1468   7.5840739339539913E-005
        1469   7.5396297445742280E-005
        1470   7.4954460065595525E-005
        1471   7.4515211935127340E-005
        1472   7.4078537882443234E-005
        1473   7.3644422821832791E-005
        1474   7.3212851757988173E-005
        1475   7.2783809782189110E-005
        1476   7.2357282073966654E-005
        1477   7.1933253898013864E-005
        1478   7.1511710608546995E-005
        1479   7.1092637643331138E-005
        1480   7.0676020524086688E-005
        1481   7.0261844860381860E-005
        1482   6.9850096345895323E-005
        1483   6.9440760755241584E-005
        1484   6.9033823949944434E-005
        1485   6.8629271871539600E-005
        1486   6.8227090546832628E-005
        1487   6.7827266080000548E-005
        1488   6.7429784662371951E-005
        1489   6.7034632562155646E-005
        1490   6.6641796127672929E-005
        1491   6.6251261789899044E-005
        1492   6.5863016059473971E-005
        1493   6.5477045522125928E-005
        1494   6.5093336847826144E-005
        1495   6.4711876779683969E-005
        1496   6.4332652140775429E-005
        1497   6.3955649830795477E-005
        1498   6.3580856827509711E-005
        1499   6.3208260184138566E-005
        1500   6.2837847027928925E-005
        1501   6.2469604565153230E-005
        1502   6.2103520073551781E-005
        1503   6.1739580907751860E-005
        1504   6.1377774497478485E-005
        1505   6.1018088341639957E-005
        1506   6.0660510015809206E-005
        1507   6.0305027169271579E-005
        1508   5.9951627521496255E-005
        1509   5.9600298862297044E-005
        1510   5.9251029059024256E-005
        1511   5.8903806043767893E-005
        1512   5.8558617824344558E-005
        1513   5.8215452472157151E-005
        1514   5.7874298138863066E-005
        1515   5.7535143035105784E-005
        1516   5.7197975445962896E-005
        1517   5.6862783724835706E-005
        1518   5.6529556292988101E-005
        1519   5.6198281639276001E-005
        1520   5.5868948318507943E-005
        1521   5.5541544955491061E-005
        1522   5.5216060241652773E-005
        1523   5.4892482930882935E-005
        1524   5.4570801846409076E-005
        1525   5.4251005876121712E-005
        1526   5.3933083973470349E-005
        1527   5.3617025154808519E-005
        1528   5.3302818503394530E-005
        1529   5.2990453165494800E-005
        1530   5.2679918347898704E-005
        1531   5.2371203325746726E-005
        1532   5.2064297434293796E-005
        1533   5.1759190073710708E-005
        1534   5.1455870699424020E-005
        1535   5.1154328836948101E-005
        1536   5.0854554070310640E-005
        1537   5.0556536042245309E-005
        1538   5.0260264458285772E-005
        1539   4.9965729085483596E-005
        1540   4.9672919747099196E-005
        1541   4.9381826328930439E-005
        1542   4.9092438777801748E-005
        1543   4.8804747092750141E-005
        1544   4.8518741338159865E-005
        1545   4.8234411632832481E-005
        1546   4.7951748157394810E-005
        1547   4.7670741145421465E-005
        1548   4.7391380890622652E-005
        1549   4.7113657741634345E-005
        1550   4.6837562105406585E-005
        1551   4.6563084444889850E-005
        1552   4.6290215277811845E-005
        1553   4.6018945178100750E-005
        1554   4.5749264774259231E-005
        1555   4.5481164751820571E-005
        1556   4.5214635848110930E-005
        1557   4.4949668857715070E-005
        1558   4.4686254625644780E-005
        1559   4.4424384053756232E-005
        1560   4.4164048095673094E-005
        1561   4.3905237758253685E-005
        1562   4.3647944100842071E-005
        1563   4.3392158235538192E-005
        1564   4.3137871326101430E-005
        1565   4.2885074588409695E-005
        1566   4.2633759290629872E-005
        1567   4.2383916751181631E-005
        1568   4.2135538336297546E-005
        1569   4.1888615470354819E-005
        1570   4.1643139622681764E-005
        1571   4.1399102310792625E-005
        1572   4.1156495107109130E-005
        1573   4.0915309629722818E-005
        1574   4.0675537547583031E-005
        1575   4.0437170578336557E-005
        1576   4.0200200485625112E-005
        1577   3.9964619086769139E-005
        1578   3.9730418242064036E-005
        1579   3.9497589860964778E-005
        1580   3.9266125900406596E-005
        1581   3.9036018365313261E-005
        1582   3.8807259306145949E-005
        1583   3.8579840821435255E-005
        1584   3.8353755054299049E-005
        1585   3.8128994195166952E-005
        1586   3.7905550479810773E-005
        1587   3.7683416190139004E-005
        1588   3.7462583651002618E-005
        1589   3.7243045235625828E-005
        1590   3.7024793358575805E-005
        1591   3.6807820481894592E-005
        1592   3.6592119110242500E-005
        1593   3.6377681791461606E-005
        1594   3.6164501119627830E-005
        1595   3.5952569728161821E-005
        1596   3.5741880297730552E-005
        1597   3.5532425550406807E-005
        1598   3.5324198249084808E-005
        1599   3.5117191201151452E-005
        1600   3.4911397258015158E-005
        1601   3.4706809308274811E-005
        1602   3.4503420284713293E-005
        1603   3.4301223161971645E-005
        1604   3.4100210955867435E-005
        1605   3.3900376720973878E-005
        1606   3.3701713554816330E-005
        1607   3.3504214595794934E-005
        1608   3.3307873019664933E-005
        1609   3.3112682045078907E-005
        1610   3.2918634929388660E-005
        1611   3.2725724969212561E-005
        1612   3.2533945500722239E-005
        1613   3.2343289897388266E-005
        1614   3.2153751575777839E-005
        1615   3.1965323985847078E-005
        1616   3.1778000620309434E-005
        1617   3.1591775007326018E-005
        1618   3.1406640713896147E-005
        1619   3.1222591345928361E-005
        1620   3.1039620543752673E-005
        1621   3.0857721987056972E-005
        1622   3.0676889392875064E-005
        1623   3.0497116515258277E-005
        1624   3.0318397142734748E-005
        1625   3.0140725102275314E-005
        1626   2.9964094256024304E-005
        1627   2.9788498502865266E-005
        1628   2.9613931774267666E-005
        1629   2.9440388043254863E-005
        1630   2.9267861313710149E-005
        1631   2.9096345626726811E-005
        1632   2.8925835056124490E-005
        1633   2.8756323710586291E-005
        1634   2.8587805737709669E-005
        1635   2.8420275313386068E-005
        1636   2.8253726652418367E-005
        1637   2.8088153998873359E-005
        1638   2.7923551635573663E-005
        1639   2.7759913876166677E-005
        1640   2.7597235066828480E-005
        1641   2.7435509587508130E-005
        1642   2.7274731853147068E-005
        1643   2.7114896309751166E-005
        1644   2.6955997434711389E-005
        1645   2.6798029739003754E-005
        1646   2.6640987765896375E-005
        1647   2.6484866091139208E-005
        1648   2.6329659320937552E-005
        1649   2.6175362094920277E-005
        1650   2.6021969081074868E-005
        1651   2.5869474980916102E-005
        1652   2.5717874529146577E-005
        1653   2.5567162485524650E-005
        1654   2.5417333645972098E-005
        1655   2.5268382833426306E-005
        1656   2.5120304903074004E-005
        1657   2.4973094739689221E-005
        1658   2.4826747257245826E-005
        1659   2.4681257402140431E-005
        1660   2.4536620145928540E-005
        1661   2.4392830494800276E-005
        1662   2.4249883479628124E-005
        1663   2.4107774163802364E-005
        1664   2.3966497636972046E-005
        1665   2.3826049019604787E-005
        1666   2.3686423459454744E-005
        1667   2.3547616134186958E-005
        1668   2.3409622248024542E-005
        1669   2.3272437033325734E-005
        1670   2.3136055753622629E-005
        1671   2.3000473694538286E-005
        1672   2.2865686175177332E-005
        1673   2.2731688537758425E-005
        1674   2.2598476153743322E-005
        1675   2.2466044422093280E-005
        1676   2.2334388766383252E-005
        1677   2.2203504640971274E-005
        1678   2.2073387521876896E-005
        1679   2.1944032918089091E-005
        1680   2.1815436356548609E-005
        1681   2.1687593397673976E-005
        1682   2.1560499624911586E-005
        1683   2.1434150647863648E-005
        1684   2.1308542101271824E-005
        1685   2.1183669646249618E-005
        1686   2.1059528969874145E-005
        1687   2.0936115783612486E-005
        1688   2.0813425823576597E-005
        1689   2.0691454851550205E-005
        1690   2.0570198654249620E-005
        1691   2.0449653042816689E-005
        1692   2.0329813854948181E-005
        1693   2.0210676947383201E-005
        1694   2.0092238208022003E-005
        1695   1.9974493543887317E-005
        1696   1.9857438886672857E-005
        1697   1.9741070193986131E-005
        1698   1.9625383445683997E-005
        1699   1.9510374645474499E-005
        1700   1.9396039819756032E-005
        1701   1.9282375021464115E-005
        1702   1.9169376320802932E-005
        1703   1.9057039815677797E-005
        1704   1.8945361626322687E-005
        1705   1.8834337892878471E-005
        1706   1.8723964783280176E-005
        1707   1.8614238481124830E-005
        1708   1.8505155197421927E-005
        1709   1.8396711164381271E-005
        1710   1.8288902635221506E-005
        1711   1.8181725888500059E-005
        1712   1.8075177217537444E-005
        1713   1.7969252944328399E-005
        1714   1.7863949408866626E-005
        1715   1.7759262972488322E-005
        1716   1.7655190021361699E-005
        1717   1.7551726959325343E-005
        1718   1.7448870212242441E-005
        1719   1.7346616226127173E-005
        1720   1.7244961469352562E-005
        1721   1.7143902430971823E-005
        1722   1.7043435618260599E-005
        1723   1.6943557563892188E-005
        1724   1.6844264813206523E-005
        1725   1.6745553939748478E-005
        1726   1.6647421530988946E-005
        1727   1.6549864198477963E-005
        1728   1.6452878572828365E-005
        1729   1.6356461302522721E-005
        1730   1.6260609057442321E-005
        1731   1.6165318526798611E-005
        1732   1.6070586418101033E-005
        1733   1.5976409457975109E-005
        1734   1.5882784395055539E-005
        1735   1.5789707992650530E-005
        1736   1.5697177039504105E-005
        1737   1.5605188335736750E-005
        1738   1.5513738704737979E-005
        1739   1.5422824987552186E-005
        1740   1.5332444043276671E-005
        1741   1.5242592749881557E-005
        1742   1.5153268002552360E-005
        1743   1.5064466719153896E-005
        1744   1.4976185827687262E-005
        1745   1.4888422280259560E-005
        1746   1.4801173045966633E-005
        1747   1.4714435110622393E-005
        1748   1.4628205476506411E-005
        1749   1.4542481165398168E-005
        1750   1.4457259218124346E-005
        1751   1.4372536688615457E-005
        1752   1.4288310649322773E-005
        1753   1.4204578192024249E-005
        1754   1.4121336425584142E-005
        1755   1.4038582472074986E-005
        1756   1.3956313473323693E-005
        1757   1.3874526588495459E-005
        1758   1.3793218991162755E-005
        1759   1.3712387874847917E-005
        1760   1.3632030444114959E-005
        1761   1.3552143924943640E-005
        1762   1.3472725556355406E-005
        1763   1.3393772596714559E-005
        1764   1.3315282316869307E-005
        1765   1.3237252006337319E-005
        1766   1.3159678970309108E-005
        1767   1.3082560527830907E-005
        1768   1.3005894015026860E-005
        1769   1.2929676785202251E-005
        1770   1.2853906201428560E-005
        1771   1.2778579650882621E-005
        1772   1.2703694529280176E-005
        1773   1.2629248249550320E-005
        1774   1.2555238241088965E-005
        1775   1.2481661944725814E-005
        1776   1.2408516822070987E-005
        1777   1.2335800344702067E-005
        1778   1.2263510001785718E-005
        1779   1.2191643293438520E-005
        1780   1.2120197740507951E-005
        1781   1.2049170871309583E-005
        1782   1.1978560236167651E-005
        1783   1.1908363392442536E-005
        1784   1.1838577917258759E-005
        1785   1.1769201400308461E-005
        1786   1.1700231442294937E-005
        1787   1.1631665662863453E-005
        1788   1.1563501694470704E-005
        1789   1.1495737179752303E-005
        1790   1.1428369778805567E-005
        1791   1.1361397165982343E-005
        1792   1.1294817025741401E-005
        1793   1.1228627058719831E-005
        1794   1.1162824978936358E-005
        1795   1.1097408513503579E-005
        1796   1.1032375400566251E-005
        1797   1.0967723396366926E-005
        1798   1.0903450265784427E-005
        1799   1.0839553788957389E-005
        1800   1.0776031758542861E-005
        1801   1.0712881980009517E-005
        1802   1.0650102273297004E-005
        1803   1.0587690467825056E-005
        1804   1.0525644408631835E-005
        1805   1.0463961953238895E-005
        1806   1.0402640968275016E-005
        1807   1.0341679337434854E-005
        1808   1.0281074953878521E-005
        1809   1.0220825724822921E-005
        1810   1.0160929569740060E-005
        1811   1.0101384417353951E-005
        1812   1.0042188212543451E-005
        1813   9.9833389080685528E-006
        1814   9.9248344745330376E-006
        1815   9.8666728886667562E-006
        1816   9.8088521417051890E-006
        1817   9.7513702357719147E-006
        1818   9.6942251855886062E-006
        1819   9.6374150174968543E-006
        1820   9.5809377689691199E-006
        1821   9.5247914885270056E-006
        1822   9.4689742372963539E-006
        1823   9.4134840862464923E-006
        1824   9.3583191200796852E-006
        1825   9.3034774300605354E-006
        1826   9.2489571249823318E-006
        1827   9.1947563201008270E-006
        1828   9.1408731430634280E-006
        1829   9.0873057321236620E-006
        1830   9.0340522373737964E-006
        1831   8.9811108199189315E-006
        1832   8.9284796491212904E-006
        1833   8.8761569084399097E-006
        1834   8.8241407899055354E-006
        1835   8.7724294952092087E-006
        1836   8.7210212415747579E-006
        1837   8.6699142486288133E-006
        1838   8.6191067548710446E-006
        1839   8.5685970038359612E-006
        1840   8.5183832495542358E-006
        1841   8.4684637573315999E-006
        1842   8.4188368056113047E-006
        1843   8.3695006772135377E-006
        1844   8.3204536692846037E-006
        1845   8.2716940858702192E-006
        1846   8.2232202435263964E-006
        1847   8.1750304688448735E-006
        1848   8.1271230962270019E-006
        1849   8.0794964709759772E-006
        1850   8.0321489473444963E-006
        1851   7.9850788890068796E-006
        1852   7.9382846717783977E-006
        1853   7.8917646785033209E-006
        1854   7.8455173019767354E-006
        1855   7.7995409439465386E-006
        1856   7.7538340178028350E-006
        1857   7.7083949428478972E-006
        1858   7.6632221503471538E-006
        1859   7.6183140800632655E-006
        1860   7.5736691812169064E-006
        1861   7.5292859095983082E-006
        1862   7.4851627334355538E-006
        1863   7.4412981279422825E-006
        1864   7.3976905781800629E-006
        1865   7.3543385784759885E-006
        1866   7.3112406294274224E-006
        1867   7.2683952443960199E-006
        1868   7.2258009408958161E-006
        1869   7.1834562497512148E-006
        1870   7.1413597070365507E-006
        1871   7.0995098581579254E-006
        1872   7.0579052599038701E-006
        1873   7.0165444712492603E-006
        1874   6.9754260666170199E-006
        1875   6.9345486227212679E-006
        1876   6.8939107304908055E-006
        1877   6.8535109842864239E-006
        1878   6.8133479893031683E-006
        1879   6.7734203569968290E-006
        1880   6.7337267106243989E-006
        1881   6.6942656753260286E-006
        1882   6.6550358909514816E-006
        1883   6.6160360008720272E-006
        1884   6.5772646582321887E-006
        1885   6.5387205232689276E-006
        1886   6.5004022656220268E-006
        1887   6.4623085602396617E-006
        1888   6.4244380925193951E-006
        1889   6.3867895535797128E-006
        1890   6.3493616425024533E-006
        1891   6.3121530667517164E-006
        1892   6.2751625395230829E-006
        1893   6.2383887877116470E-006
        1894   6.2018305359583195E-006
        1895   6.1654865223921429E-006
        1896   6.1293554937189247E-006
        1897   6.0934361994177402E-006
        1898   6.0577273994770011E-006
        1899   6.0222278611745310E-006
        1900   5.9869363568518724E-006
        1901   5.9518516689323615E-006
        1902   5.9169725837323138E-006
        1903   5.8822978970026875E-006
        1904   5.8478264118118010E-006
        1905   5.8135569362186533E-006
        1906   5.7794882874209956E-006
        1907   5.7456192865949563E-006
        1908   5.7119487666623048E-006
        1909   5.6784755636786203E-006
        1910   5.6451985182207449E-006
        1911   5.6121164844295144E-006
        1912   5.5792283176092327E-006
        1913   5.5465328834619143E-006
        1914   5.5140290504120834E-006
        1915   5.4817156962377043E-006
        1916   5.4495917050649905E-006
        1917   5.4176559690904060E-006
        1918   5.3859073811473761E-006
        1919   5.3543448462438828E-006
        1920   5.3229672748227165E-006
        1921   5.2917735825110717E-006
        1922   5.2607626929366536E-006
        1923   5.2299335323919516E-006
        1924   5.1992850370658934E-006
        1925   5.1688161489414713E-006
        1926   5.1385258141137615E-006
        1927   5.1084129876925061E-006
        1928   5.0784766278110770E-006
        1929   5.0487157005783738E-006
        1930   5.0191291804335008E-006
        1931   4.9897160426133038E-006
        1932   4.9604752709611813E-006
        1933   4.9314058574074409E-006
        1934   4.9025067966522820E-006
        1935   4.8737770904216195E-006
        1936   4.8452157451163625E-006
        1937   4.8168217758567375E-006
        1938   4.7885942016856442E-006
        1939   4.7605320461813480E-006
        1940   4.7326343410439959E-006
        1941   4.7049001226509133E-006
        1942   4.6773284313499572E-006
        1943   4.6499183178695280E-006
        1944   4.6226688312819713E-006
        1945   4.5955790331088388E-006
        1946   4.5686479864420910E-006
        1947   4.5418747627477169E-006
        1948   4.5152584335398506E-006
        1949   4.4887980827060618E-006
        1950   4.4624927948188038E-006
        1951   4.4363416620546750E-006
        1952   4.4103437789119827E-006
        1953   4.3844982505033666E-006
        1954   4.3588041807041969E-006
        1955   4.3332606843776680E-006
        1956   4.3078668783571347E-006
        1957   4.2826218855620639E-006
        1958   4.2575248319226309E-006
        1959   4.2325748540191162E-006
        1960   4.2077710867267247E-006
        1961   4.1831126756761993E-006
        1962   4.1585987678752160E-006
        1963   4.1342285162297203E-006
        1964   4.1100010801986751E-006
        1965   4.0859156210648166E-006
        1966   4.0619713080866294E-006
        1967   4.0381673132815606E-006
        1968   4.0145028154539792E-006
        1969   3.9909769965081761E-006
        1970   3.9675890433205487E-006
        1971   3.9443381478810854E-006
        1972   3.9212235079288416E-006
        1973   3.8982443256307270E-006
        1974   3.8753998044380066E-006
        1975   3.8526891581423941E-006
        1976   3.8301116007300235E-006
        1977   3.8076663517552468E-006
        1978   3.7853526378385599E-006
        1979   3.7631696855469049E-006
        1980   3.7411167309830414E-006
        1981   3.7191930105745735E-006
        1982   3.6973977680284992E-006
        1983   3.6757302502944245E-006
        1984   3.6541897086708705E-006
        1985   3.6327753984968290E-006
        1986   3.6114865811881074E-006
        1987   3.5903225208488025E-006
        1988   3.5692824858766733E-006
        1989   3.5483657494694214E-006
        1990   3.5275715904126194E-006
        1991   3.5068992894127127E-006
        1992   3.4863481322583142E-006
        1993   3.4659174080771416E-006
        1994   3.4456064139944683E-006
        1995   3.4254144453058819E-006
        1996   3.4053408062530628E-006
        1997   3.3853848024488181E-006
        1998   3.3655457450885239E-006
        1999   3.3458229494814259E-006
        2000   3.3262157330179476E-006
        2001   3.3067234179109655E-006
        2002   3.2873453331418216E-006
        2003   3.2680808077532677E-006
        2004   3.2489291758025895E-006
        2005   3.2298897765819006E-006
        2006   3.2109619529877521E-006
        2007   3.1921450500383664E-006
        2008   3.1734384173363020E-006
        2009   3.1548414099794577E-006
        2010   3.1363533857266818E-006
        2011   3.1179737024571337E-006
        2012   3.0997017302809255E-006
        2013   3.0815368349860015E-006
        2014   3.0634783899582897E-006
        2015   3.0455257699068704E-006
        2016   3.0276783587381590E-006
        2017   3.0099355345735380E-006
        2018   2.9922966882940331E-006
        2019   2.9747612099732388E-006
        2020   2.9573284913834672E-006
        2021   2.9399979320079006E-006
        2022   2.9227689340096261E-006
        2023   2.9056409022152147E-006
        2024   2.8886132443090056E-006
        2025   2.8716853707654472E-006
        2026   2.8548566985195410E-006
        2027   2.8381266466512500E-006
        2028   2.8214946360134365E-006
        2029   2.8049600914983701E-006
        2030   2.7885224436038839E-006
        2031   2.7721811239335334E-006
        2032   2.7559355678859568E-006
        2033   2.7397852130645842E-006
        2034   2.7237295036510200E-006
        2035   2.7077678821605550E-006
        2036   2.6918998005311016E-006
        2037   2.6761247104580129E-006
        2038   2.6604420636872891E-006
        2039   2.6448513210392441E-006
        2040   2.6293519438612534E-006
        2041   2.6139433952965450E-006
        2042   2.5986251459525775E-006
        2043   2.5833966625589660E-006
        2044   2.5682574226140650E-006
        2045   2.5532069007135067E-006
        2046   2.5382445787065718E-006
        2047   2.5233699397863292E-006
        2048   2.5085824672560289E-006
        2049   2.4938816537050200E-006
        2050   2.4792669899874957E-006
        2051   2.4647379713768539E-006
        2052   2.4502940959135936E-006
        2053   2.4359348637590023E-006
        2054   2.4216597794431002E-006
        2055   2.4074683512823045E-006
        2056   2.3933600874040631E-006
        2057   2.3793344999486499E-006
        2058   2.3653911057978738E-006
        2059   2.3515294241819705E-006
        2060   2.3377489733837946E-006
        2061   2.3240492796916497E-006
        2062   2.3104298689149729E-006
        2063   2.2968902697693445E-006
        2064   2.2834300163452028E-006
        2065   2.2700486434049866E-006
        2066   2.2567456868644491E-006
        2067   2.2435206888299583E-006
        2068   2.2303731920227445E-006
        2069   2.2173027422371912E-006
        2070   2.2043088882970873E-006
        2071   2.1913911810814850E-006
        2072   2.1785491737475840E-006
        2073   2.1657824243532533E-006
        2074   2.1530904892297034E-006
        2075   2.1404729327149138E-006
        2076   2.1279293171998938E-006
        2077   2.1154592095010573E-006
        2078   2.1030621794716237E-006
        2079   2.0907377993822797E-006
        2080   2.0784856415523006E-006
        2081   2.0663052842970063E-006
        2082   2.0541963072358343E-006
        2083   2.0421582902674377E-006
        2084   2.0301908193901860E-006
        2085   2.0182934791093922E-006
        2086   2.0064658606360366E-006
        2087   1.9947075558679705E-006
        2088   1.9830181547609370E-006
        2089   1.9713972571148793E-006
        2090   1.9598444595522666E-006
        2091   1.9483593648958439E-006
        2092   1.9369415748111051E-006
        2093   1.9255906942213193E-006
        2094   1.9143063339947759E-006
        2095   1.9030881015775803E-006
        2096   1.8919356113107530E-006
        2097   1.8808484749105413E-006
        2098   1.8698263127974699E-006
        2099   1.8588687422082469E-006
        2100   1.8479753856330772E-006
        2101   1.8371458670500679E-006
        2102   1.8263798108396032E-006
        2103   1.8156768461919803E-006
        2104   1.8050366033684631E-006
        2105   1.7944587139471501E-006
        2106   1.7839428130518075E-006
        2107   1.7734885385927424E-006
        2108   1.7630955279128668E-006
        2109   1.7527634223841428E-006
        2110   1.7424918650402915E-006
        2111   1.7322805012007358E-006
        2112   1.7221289784400780E-006
        2113   1.7120369448432074E-006
        2114   1.7020040534420976E-006
        2115   1.6920299554561586E-006
        2116   1.6821143087905587E-006
        2117   1.6722567706626823E-006
        2118   1.6624569988003361E-006
        2119   1.6527146565006785E-006
        2120   1.6430294049195105E-006
        2121   1.6334009118352868E-006
        2122   1.6238288433383661E-006
        2123   1.6143128699568632E-006
        2124   1.6048526611484072E-006
        2125   1.5954478914879835E-006
        2126   1.5860982357466324E-006
        2127   1.5768033711060861E-006
        2128   1.5675629760455394E-006
        2129   1.5583767315217502E-006
        2130   1.5492443201511568E-006
        2131   1.5401654278444880E-006
        2132   1.5311397385712782E-006
        2133   1.5221669420600599E-006
        2134   1.5132467270240858E-006
        2135   1.5043787892372611E-006
        2136   1.4955628169434602E-006
        2137   1.4867985080508954E-006
        2138   1.4780855601308103E-006
        2139   1.4694236721302535E-006
        2140   1.4608125447428096E-006
        2141   1.4522518804767271E-006
        2142   1.4437413827256489E-006
        2143   1.4352807583302509E-006
        2144   1.4268697155862580E-006
        2145   1.4185079623386687E-006
        2146   1.4101952116734604E-006
        2147   1.4019311745555266E-006
        2148   1.3937155674904648E-006
        2149   1.3855481046579821E-006
        2150   1.3774285055567517E-006
        2151   1.3693564888506046E-006
        2152   1.3613317759550883E-006
        2153   1.3533540881739091E-006
        2154   1.3454231527076630E-006
        2155   1.3375386945294188E-006
        2156   1.3297004406176163E-006
        2157   1.3219081207171657E-006
        2158   1.3141614636837167E-006
        2159   1.3064602040519072E-006
        2160   1.2988040773957065E-006
        2161   1.2911928150562249E-006
        2162   1.2836261579674363E-006
        2163   1.2761038417928161E-006
        2164   1.2686256084017653E-006
        2165   1.2611911988130616E-006
        2166   1.2538003574945250E-006
        2167   1.2464528267370157E-006
        2168   1.2391483549099798E-006
        2169   1.2318866881207698E-006
        2170   1.2246675773053881E-006
        2171   1.2174907695981383E-006
        2172   1.2103560221094888E-006
        2173   1.2032630843260460E-006
        2174   1.1962117135782053E-006
        2175   1.1892016646051488E-006
        2176   1.1822326955581996E-006
        2177   1.1753045676855041E-006
        2178   1.1684170380245820E-006
        2179   1.1615698710046067E-006
        2180   1.1547628312189486E-006
        2181   1.1479956820048157E-006
        2182   1.1412681887144064E-006
        2183   1.1345801205629419E-006
        2184   1.1279312450850732E-006
        2185   1.1213213341296209E-006
        2186   1.1147501593415504E-006
        2187   1.1082174916301761E-006
        2188   1.1017231064207381E-006
        2189   1.0952667810663195E-006
        2190   1.0888482896306484E-006
        2191   1.0824674139905856E-006
        2192   1.0761239292352467E-006
        2193   1.0698176198860199E-006
        2194   1.0635482666663032E-006
        2195   1.0573156517918910E-006
        2196   1.0511195651212071E-006
        2197   1.0449597847977627E-006
        2198   1.0388361039825437E-006
        2199   1.0327483087728508E-006
        2200   1.0266961899713963E-006
        2201   1.0206795367772661E-006
        2202   1.0146981428477576E-006
        2203   1.0087518012022680E-006
        2204   1.0028403066154548E-006
