           1   41.000000000000000     
           2   84.592522959666667     
           3   157.83616045244605     
           4   61.902328350420227     
           5   47.787302826284723     
           6   21.898138037953984     
           7   19.481842309775377     
           8   14.242002510205083     
           9   11.819343687881442     
          10   9.1217635455569930     
          11   7.5680740155134645     
          12   6.7600231439995193     
          13   5.8171706459104939     
          14   5.2886659539091205     
          15   4.6738794690749428     
          16   4.3289182714718697     
          17   3.9411880449398593     
          18   3.6594991288956948     
          19   3.3809680810979756     
          20   3.1592267718452773     
          21   2.9515395131398083     
          22   2.7706696696132544     
          23   2.6050703995603248     
          24   2.4577243412154623     
          25   2.3233911904067539     
          26   2.2011321935323402     
          27   2.0891516947850914     
          28   1.9866363016947757     
          29   1.8923518724333777     
          30   1.8053349680270849     
          31   1.7248344470057797     
          32   1.6502294527653836     
          33   1.5809361437671590     
          34   1.5164223000674946     
          35   1.4562481729602113     
          36   1.4000330588037164     
          37   1.3474339797858774     
          38   1.2981393816758002     
          39   1.2518761557633664     
          40   1.2084027359461837     
          41   1.1675012633231636     
          42   1.1289737782991935     
          43   1.0926419284179363     
          44   1.0583448185889761     
          45   1.0259360406804419     
          46  0.99528166851381294     
          47  0.96625925985058236     
          48  0.93875676838330713     
          49  0.91267126361541462     
          50  0.88790788418583944     
          51  0.86437910553036590     
          52  0.84200409176388302     
          53  0.82070804499873873     
          54  0.80042163044855430     
          55  0.78108051021618496     
          56  0.76262493752250560     
          57  0.74499937757123835     
          58  0.72815216396211391     
          59  0.71203519895690781     
          60  0.69660368692784380     
          61  0.68181588953399064     
          62  0.66763290122185914     
          63  0.65401844597072623     
          64  0.64093869236050094     
          65  0.62836208306429031     
          66  0.61625917709767264     
          67  0.60460250428632034     
          68  0.59336643081143403     
          69  0.58252703436294662     
          70  0.57206198791774865     
          71  0.56195045156878798     
          72  0.55217297180323843     
          73  0.54271138756065707     
          74  0.53354874251749507     
          75  0.52466920318073773     
          76  0.51605798240855816     
          77  0.50770126797638915     
          78  0.49958615584224741     
          79  0.49170058781278431     
          80  0.48403329333686740     
          81  0.47657373516524715     
          82  0.46931205863105768     
          83  0.46223904432619128     
          84  0.45534606396398136     
          85  0.44862503922951924     
          86  0.44206840342975762     
          87  0.43566906576710029     
          88  0.42942037807067618     
          89  0.42331610382857093     
          90  0.41735038937272029     
          91  0.41151773707674749     
          92  0.40581298043505393     
          93  0.40023126089899075     
          94  0.39476800635307713     
          95  0.38941891112105387     
          96  0.38417991739823765     
          97  0.37904719801278514     
          98  0.37401714042449297     
          99  0.36908633187539314     
         100  0.36425154561176287     
         101  0.35950972810237342     
         102  0.35485798718255412     
         103  0.35029358105832153     
         104  0.34581390810910650     
         105  0.34141649743176899     
         106  0.33709900007242866     
         107  0.33285918089627720     
         108  0.32869491104899290     
         109  0.32460416096657591     
         110  0.32058499389345341     
         111  0.31663555987151265     
         112  0.31275409016542211     
         113  0.30893889209198100     
         114  0.30518834422368024     
         115  0.30150089193870955     
         116  0.29787504329170100     
         117  0.29430936518138678     
         118  0.29080247979310297     
         119  0.28735306129563198     
         120  0.28395983277347847     
         121  0.28062156337703070     
         122  0.27733706567435418     
         123  0.27410519318958521     
         124  0.27092483811407581     
         125  0.26779492917734349     
         126  0.26471442966599951     
         127  0.26168233557963749     
         128  0.25869767391349002     
         129  0.25575950105846096     
         130  0.25286690130985945     
         131  0.25001898547675927     
         132  0.24721488958458074     
         133  0.24445377366402421     
         134  0.24173482061999149     
         135  0.23905723517464231     
         136  0.23642024287916077     
         137  0.23382308918921241     
         138  0.23126503859945136     
         139  0.22874537383281904     
         140  0.22626339508062948     
         141  0.22381841928982993     
         142  0.22140977949401089     
         143  0.21903682418505824     
         144  0.21669891672253638     
         145  0.21439543477812814     
         146  0.21212576981267026     
         147  0.20988932658346229     
         148  0.20768552267975260     
         149  0.20551378808442303     
         150  0.20337356476006840     
         151  0.20126430625777933     
         152  0.19918547734706918     
         153  0.19713655366550950     
         154  0.19511702138673750     
         155  0.19312637690558579     
         156  0.19116412653919992     
         157  0.18922978624307785     
         158  0.18732288134103384     
         159  0.18544294626818067     
         160  0.18358952432609432     
         161  0.18176216744933266     
         162  0.17996043598263109     
         163  0.17818389846804722     
         164  0.17643213144146186     
         165  0.17470471923781877     
         166  0.17300125380459186     
         167  0.17132133452292980     
         168  0.16966456803606672     
         169  0.16803056808449704     
         170  0.16641895534755582     
         171  0.16482935729099690     
         172  0.16326140802023612     
         173  0.16171474813891032     
         174  0.16018902461245782     
         175  0.15868389063643876     
         176  0.15719900550931040     
         177  0.15573403450943257     
         178  0.15428864877604970     
         179  0.15286252519404647     
         180  0.15145534628227322     
         181  0.15006680008524093     
         182  0.14869658006802944     
         183  0.14734438501422220     
         184  0.14600991892673199     
         185  0.14469289093135307     
         186  0.14339301518293171     
         187  0.14211001077399082     
         188  0.14084360164574178     
         189  0.13959351650131205     
         190  0.13835948872113926     
         191  0.13714125628039611     
         192  0.13593856166837209     
         193  0.13475115180972833     
         194  0.13357877798753523     
         195  0.13242119576801048     
         196  0.13127816492693078     
         197  0.13014944937756959     
         198  0.12903481710019102     
         199  0.12793404007296413     
         200  0.12684689420429013     
         201  0.12577315926646884     
         202  0.12471261883066166     
         203  0.12366506020309710     
         204  0.12263027436249407     
         205  0.12160805589863787     
         206  0.12059820295208835     
         207  0.11960051715497300     
         208  0.11861480357283820     
         209  0.11764087064752275     
         210  0.11667853014102024     
         211  0.11572759708030121     
         212  0.11478788970308437     
         213  0.11385922940449518     
         214  0.11294144068463056     
         215  0.11203435109697268     
         216  0.11113779119764311     
         217  0.11025159449547911     
         218  0.10937559740291396     
         219  0.10850963918762320     
         220  0.10765356192494643     
         221  0.10680721045104627     
         222  0.10597043231680890     
         223  0.10514307774244036     
         224  0.10432499957278248     
         225  0.10351605323329779     
         226  0.10271609668673941     
         227  0.10192499039047745     
         228  0.10114259725446446     
         229  0.10036878259985244     
         230   9.9603414118225000E-002
         231   9.8846361831444171E-002
         232   9.8097498052109905E-002
         233   9.7356697344602769E-002
         234   9.6623836486725234E-002
         235   9.5898794431901940E-002
         236   9.5181452271968892E-002
         237   9.4471693200503498E-002
         238   9.3769402476713962E-002
         239   9.3074467389873045E-002
         240   9.2386777224279973E-002
         241   9.1706223224762240E-002
         242   9.1032698562685144E-002
         243   9.0366098302485293E-002
         244   8.9706319368704934E-002
         245   8.9053260513532462E-002
         246   8.8406822284829628E-002
         247   8.7766906994652880E-002
         248   8.7133418688256387E-002
         249   8.6506263113562992E-002
         250   8.5885347691113459E-002
         251   8.5270581484475305E-002
         252   8.4661875171104226E-002
         253   8.4059141013675315E-002
         254   8.3462292831839133E-002
         255   8.2871245974433058E-002
         256   8.2285917292127767E-002
         257   8.1706225110494426E-002
         258   8.1132089203513877E-002
         259   8.0563430767489383E-002
         260   8.0000172395385621E-002
         261   7.9442238051576144E-002
         262   7.8889553046989941E-002
         263   7.8342044014663728E-002
         264   7.7799638885690026E-002
         265   7.7262266865553181E-002
         266   7.6729858410850935E-002
         267   7.6202345206399083E-002
         268   7.5679660142709007E-002
         269   7.5161737293840597E-002
         270   7.4648511895618205E-002
         271   7.4139920324212058E-002
         272   7.3635900075070981E-002
         273   7.3136389742217839E-002
         274   7.2641328997886639E-002
         275   7.2150658572502469E-002
         276   7.1664320235005505E-002
         277   7.1182256773504440E-002
         278   7.0704411976270504E-002
         279   7.0230730613040887E-002
         280   6.9761158416665539E-002
         281   6.9295642065046528E-002
         282   6.8834129163412569E-002
         283   6.8376568226893045E-002
         284   6.7922908663388459E-002
         285   6.7473100756763743E-002
         286   6.7027095650307886E-002
         287   6.6584845330512996E-002
         288   6.6146302611125030E-002
         289   6.5711421117477034E-002
         290   6.5280155271118967E-002
         291   6.4852460274701790E-002
         292   6.4428292097147233E-002
         293   6.4007607459079449E-002
         294   6.3590363818521414E-002
         295   6.3176519356852159E-002
         296   6.2766032965016899E-002
         297   6.2358864229992192E-002
         298   6.1954973421497368E-002
         299   6.1554321478949521E-002
         300   6.1156869998662634E-002
         301   6.0762581221279352E-002
         302   6.0371418019434388E-002
         303   5.9983343885655550E-002
         304   5.9598322920482817E-002
         305   5.9216319820811790E-002
         306   5.8837299868454540E-002
         307   5.8461228918919313E-002
         308   5.8088073390402395E-002
         309   5.7717800252975522E-002
         310   5.7350377017997875E-002
         311   5.6985771727716281E-002
         312   5.6623952945060646E-002
         313   5.6264889743648759E-002
         314   5.5908551697968392E-002
         315   5.5554908873751148E-002
         316   5.5203931818543529E-002
         317   5.4855591552431950E-002
         318   5.4509859558984054E-002
         319   5.4166707776326900E-002
         320   5.3826108588431086E-002
         321   5.3488034816541352E-002
         322   5.3152459710785631E-002
         323   5.2819356941945110E-002
         324   5.2488700593383439E-002
         325   5.2160465153136257E-002
         326   5.1834625506153822E-002
         327   5.1511156926696756E-002
         328   5.1190035070884932E-002
         329   5.0871235969388175E-002
         330   5.0554736020262669E-002
         331   5.0240511981929567E-002
         332   4.9928540966296849E-002
         333   4.9618800432008371E-002
         334   4.9311268177839776E-002
         335   4.9005922336208319E-002
         336   4.8702741366834057E-002
         337   4.8401704050504285E-002
         338   4.8102789482983223E-002
         339   4.7805977069032432E-002
         340   4.7511246516549775E-002
         341   4.7218577830830444E-002
         342   4.6927951308945670E-002
         343   4.6639347534224940E-002
         344   4.6352747370861321E-002
         345   4.6068131958613819E-002
         346   4.5785482707625745E-002
         347   4.5504781293341165E-002
         348   4.5226009651529696E-002
         349   4.4949149973407550E-002
         350   4.4674184700859529E-002
         351   4.4401096521754349E-002
         352   4.4129868365361723E-002
         353   4.3860483397856649E-002
         354   4.3592925017916478E-002
         355   4.3327176852408812E-002
         356   4.3063222752161200E-002
         357   4.2801046787831094E-002
         358   4.2540633245839225E-002
         359   4.2281966624405878E-002
         360   4.2025031629653160E-002
         361   4.1769813171793790E-002
         362   4.1516296361399280E-002
         363   4.1264466505737167E-002
         364   4.1014309105188926E-002
         365   4.0765809849738557E-002
         366   4.0518954615532426E-002
         367   4.0273729461512989E-002
         368   4.0030120626114905E-002
         369   3.9788114524036099E-002
         370   3.9547697743065345E-002
         371   3.9308857040987279E-002
         372   3.9071579342537043E-002
         373   3.8835851736426730E-002
         374   3.8601661472431277E-002
         375   3.8368995958528065E-002
         376   3.8137842758100372E-002
         377   3.7908189587199666E-002
         378   3.7680024311853778E-002
         379   3.7453334945445789E-002
         380   3.7228109646129451E-002
         381   3.7004336714308882E-002
         382   3.6782004590170378E-002
         383   3.6561101851250416E-002
         384   3.6341617210072397E-002
         385   3.6123539511817224E-002
         386   3.5906857732049373E-002
         387   3.5691560974484178E-002
         388   3.5477638468805341E-002
         389   3.5265079568520041E-002
         390   3.5053873748862520E-002
         391   3.4844010604744298E-002
         392   3.4635479848738812E-002
         393   3.4428271309103080E-002
         394   3.4222374927856770E-002
         395   3.4017780758880775E-002
         396   3.3814478966062746E-002
         397   3.3612459821485141E-002
         398   3.3411713703639830E-002
         399   3.3212231095687883E-002
         400   3.3014002583746510E-002
         401   3.2817018855215430E-002
         402   3.2621270697134171E-002
         403   3.2426748994577329E-002
         404   3.2233444729077132E-002
         405   3.2041348977074412E-002
         406   3.1850452908414595E-002
         407   3.1660747784857265E-002
         408   3.1472224958624992E-002
         409   3.1284875870975747E-002
         410   3.1098692050815523E-002
         411   3.0913665113321494E-002
         412   3.0729786758603817E-002
         413   3.0547048770392080E-002
         414   3.0365443014745436E-002
         415   3.0184961438791895E-002
         416   3.0005596069487460E-002
         417   2.9827339012407729E-002
         418   2.9650182450550643E-002
         419   2.9474118643178525E-002
         420   2.9299139924669333E-002
         421   2.9125238703398192E-002
         422   2.8952407460637812E-002
         423   2.8780638749480461E-002
         424   2.8609925193784302E-002
         425   2.8440259487133204E-002
         426   2.8271634391827304E-002
         427   2.8104042737879205E-002
         428   2.7937477422042108E-002
         429   2.7771931406853027E-002
         430   2.7607397719689512E-002
         431   2.7443869451851975E-002
         432   2.7281339757657525E-002
         433   2.7119801853553865E-002
         434   2.6959249017250966E-002
         435   2.6799674586868452E-002
         436   2.6641071960096040E-002
         437   2.6483434593378274E-002
         438   2.6326756001103225E-002
         439   2.6171029754817762E-002
         440   2.6016249482449183E-002
         441   2.5862408867543939E-002
         442   2.5709501648527169E-002
         443   2.5557521617962847E-002
         444   2.5406462621838068E-002
         445   2.5256318558859805E-002
         446   2.5107083379763022E-002
         447   2.4958751086625330E-002
         448   2.4811315732206306E-002
         449   2.4664771419290157E-002
         450   2.4519112300044922E-002
         451   2.4374332575388968E-002
         452   2.4230426494373215E-002
         453   2.4087388353573460E-002
         454   2.3945212496492611E-002
         455   2.3803893312974580E-002
         456   2.3663425238627748E-002
         457   2.3523802754262559E-002
         458   2.3385020385331027E-002
         459   2.3247072701386540E-002
         460   2.3109954315545415E-002
         461   2.2973659883962008E-002
         462   2.2838184105312187E-002
         463   2.2703521720281769E-002
         464   2.2569667511072436E-002
         465   2.2436616300909887E-002
         466   2.2304362953561883E-002
         467   2.2172902372864768E-002
         468   2.2042229502260140E-002
         469   2.1912339324333736E-002
         470   2.1783226860371513E-002
         471   2.1654887169915610E-002
         472   2.1527315350329396E-002
         473   2.1400506536373376E-002
         474   2.1274455899780182E-002
         475   2.1149158648851089E-002
         476   2.1024610028043931E-002
         477   2.0900805317576279E-002
         478   2.0777739833032376E-002
         479   2.0655408924980415E-002
         480   2.0533807978591966E-002
         481   2.0412932413266065E-002
         482   2.0292777682267997E-002
         483   2.0173339272363099E-002
         484   2.0054612703465358E-002
         485   1.9936593528287153E-002
         486   1.9819277331996624E-002
         487   1.9702659731874364E-002
         488   1.9586736376988306E-002
         489   1.9471502947861874E-002
         490   1.9356955156151986E-002
         491   1.9243088744331917E-002
         492   1.9129899485379794E-002
         493   1.9017383182472428E-002
         494   1.8905535668677732E-002
         495   1.8794352806663642E-002
         496   1.8683830488399188E-002
         497   1.8573964634868771E-002
         498   1.8464751195787450E-002
         499   1.8356186149316066E-002
         500   1.8248265501795754E-002
         501   1.8140985287463392E-002
         502   1.8034341568194091E-002
         503   1.7928330433230503E-002
         504   1.7822947998929937E-002
         505   1.7718190408500836E-002
         506   1.7614053831754125E-002
         507   1.7510534464857039E-002
         508   1.7407628530081917E-002
         509   1.7305332275570913E-002
         510   1.7203641975094115E-002
         511   1.7102553927817316E-002
         512   1.7002064458068216E-002
         513   1.6902169915108397E-002
         514   1.6802866672914411E-002
         515   1.6704151129945215E-002
         516   1.6606019708934626E-002
         517   1.6508468856668821E-002
         518   1.6411495043775551E-002
         519   1.6315094764515436E-002
         520   1.6219264536572887E-002
         521   1.6124000900853967E-002
         522   1.6029300421284687E-002
         523   1.5935159684611244E-002
         524   1.5841575300207193E-002
         525   1.5748543899873277E-002
         526   1.5656062137654077E-002
         527   1.5564126689644421E-002
         528   1.5472734253809557E-002
         529   1.5381881549791565E-002
         530   1.5291565318738182E-002
         531   1.5201782323118997E-002
         532   1.5112529346548359E-002
         533   1.5023803193614177E-002
         534   1.4935600689702427E-002
         535   1.4847918680829911E-002
         536   1.4760754033475078E-002
         537   1.4674103634411370E-002
         538   1.4587964390543790E-002
         539   1.4502333228749558E-002
         540   1.4417207095713813E-002
         541   1.4332582957776030E-002
         542   1.4248457800771800E-002
         543   1.4164828629878749E-002
         544   1.4081692469462075E-002
         545   1.3999046362933793E-002
         546   1.3916887372588799E-002
         547   1.3835212579468620E-002
         548   1.3754019083214610E-002
         549   1.3673304001920636E-002
         550   1.3593064471993281E-002
         551   1.3513297648014223E-002
         552   1.3434000702594420E-002
         553   1.3355170826247507E-002
         554   1.3276805227238887E-002
         555   1.3198901131468531E-002
         556   1.3121455782327492E-002
         557   1.3044466440566494E-002
         558   1.2967930384172025E-002
         559   1.2891844908234978E-002
         560   1.2816207324822254E-002
         561   1.2741014962852994E-002
         562   1.2666265167973759E-002
         563   1.2591955302436291E-002
         564   1.2518082744971600E-002
         565   1.2444644890676442E-002
         566   1.2371639150892852E-002
         567   1.2299062953082328E-002
         568   1.2226913740718607E-002
         569   1.2155188973167773E-002
         570   1.2083886125574787E-002
         571   1.2013002688751358E-002
         572   1.1942536169060672E-002
         573   1.1872484088311123E-002
         574   1.1802843983642173E-002
         575   1.1733613407417678E-002
         576   1.1664789927121184E-002
         577   1.1596371125243277E-002
         578   1.1528354599179330E-002
         579   1.1460737961128955E-002
         580   1.1393518837982392E-002
         581   1.1326694871229963E-002
         582   1.1260263716850551E-002
         583   1.1194223045218067E-002
         584   1.1128570540998677E-002
         585   1.1063303903051434E-002
         586   1.0998420844331320E-002
         587   1.0933919091796836E-002
         588   1.0869796386306108E-002
         589   1.0806050482526705E-002
         590   1.0742679148841465E-002
         591   1.0679680167254275E-002
         592   1.0617051333298318E-002
         593   1.0554790455943401E-002
         594   1.0492895357503539E-002
         595   1.0431363873553078E-002
         596   1.0370193852831645E-002
         597   1.0309383157157926E-002
         598   1.0248929661340644E-002
         599   1.0188831253095035E-002
         600   1.0129085832953078E-002
         601   1.0069691314180043E-002
         602   1.0010645622689914E-002
         603   9.9519466969613894E-003
         604   9.8935924879547648E-003
         605   9.8355809590271789E-003
         606   9.7779100858555040E-003
         607   9.7205778563525715E-003
         608   9.6635822705825238E-003
         609   9.6069213406936964E-003
         610   9.5505930908247032E-003
         611   9.4945955570348330E-003
         612   9.4389267872247631E-003
         613   9.3835848410588219E-003
         614   9.3285677898884995E-003
         615   9.2738737166779724E-003
         616   9.2195007159246948E-003
         617   9.1654468935910179E-003
         618   9.1117103670255804E-003
         619   9.0582892648912224E-003
         620   9.0051817270910377E-003
         621   8.9523859046997546E-003
         622   8.8998999598887806E-003
         623   8.8477220658548603E-003
         624   8.7958504067511181E-003
         625   8.7442831776156534E-003
         626   8.6930185843052035E-003
         627   8.6420548434195717E-003
         628   8.5913901822422031E-003
         629   8.5410228386643763E-003
         630   8.4909510611242325E-003
         631   8.4411731085323599E-003
         632   8.3916872502138203E-003
         633   8.3424917658382509E-003
         634   8.2935849453506412E-003
         635   8.2449650889154565E-003
         636   8.1966305068442141E-003
         637   8.1485795195377197E-003
         638   8.1008104574169550E-003
         639   8.0533216608644227E-003
         640   8.0061114801600157E-003
         641   7.9591782754189089E-003
         642   7.9125204165309618E-003
         643   7.8661362831004989E-003
         644   7.8200242643797682E-003
         645   7.7741827592177817E-003
         646   7.7286101759928248E-003
         647   7.6833049325605394E-003
         648   7.6382654561857038E-003
         649   7.5934901834910605E-003
         650   7.5489775603975930E-003
         651   7.5047260420661654E-003
         652   7.4607340928400257E-003
         653   7.4170001861877475E-003
         654   7.3735228046493484E-003
         655   7.3303004397770781E-003
         656   7.2873315920808290E-003
         657   7.2446147709748429E-003
         658   7.2021484947202043E-003
         659   7.1599312903698215E-003
         660   7.1179616937175382E-003
         661   7.0762382492455221E-003
         662   7.0347595100625528E-003
         663   6.9935240378612325E-003
         664   6.9525304028581984E-003
         665   6.9117771837459594E-003
         666   6.8712629676387802E-003
         667   6.8309863500245144E-003
         668   6.7909459347080458E-003
         669   6.7511403337628959E-003
         670   6.7115681674832350E-003
         671   6.6722280643322796E-003
         672   6.6331186608890261E-003
         673   6.5942386018055842E-003
         674   6.5555865397493801E-003
         675   6.5171611353624570E-003
         676   6.4789610572103034E-003
         677   6.4409849817308506E-003
         678   6.4032315931911157E-003
         679   6.3656995836344184E-003
         680   6.3283876528393464E-003
         681   6.2912945082678169E-003
         682   6.2544188650220456E-003
         683   6.2177594457961775E-003
         684   6.1813149808313123E-003
         685   6.1450842078685907E-003
         686   6.1090658721047499E-003
         687   6.0732587261476088E-003
         688   6.0376615299715542E-003
         689   6.0022730508714969E-003
         690   5.9670920634190740E-003
         691   5.9321173494191826E-003
         692   5.8973476978701513E-003
         693   5.8627819049088164E-003
         694   5.8284187737836597E-003
         695   5.7942571147978307E-003
         696   5.7602957452775900E-003
         697   5.7265334895228153E-003
         698   5.6929691787653506E-003
         699   5.6596016511335353E-003
         700   5.6264297516025264E-003
         701   5.5934523319609575E-003
         702   5.5606682507645276E-003
         703   5.5280763732969314E-003
         704   5.4956755715332541E-003
         705   5.4634647240924695E-003
         706   5.4314427162028738E-003
         707   5.3996084396638047E-003
         708   5.3679607928003685E-003
         709   5.3364986804319949E-003
         710   5.3052210138235254E-003
         711   5.2741267106604234E-003
         712   5.2432146949960203E-003
         713   5.2124838972223133E-003
         714   5.1819332540312540E-003
         715   5.1515617083738594E-003
         716   5.1213682094260098E-003
         717   5.0913517125493165E-003
         718   5.0615111792542784E-003
         719   5.0318455771657666E-003
         720   5.0023538799842818E-003
         721   4.9730350674508303E-003
         722   4.9438881253088931E-003
         723   4.9149120452729204E-003
         724   4.8861058249902393E-003
         725   4.8574684680031087E-003
         726   4.8289989837191540E-003
         727   4.8006963873706643E-003
         728   4.7725596999858757E-003
         729   4.7445879483482140E-003
         730   4.7167801649680334E-003
         731   4.6891353880454461E-003
         732   4.6616526614377228E-003
         733   4.6343310346223894E-003
         734   4.6071695626660652E-003
         735   4.5801673061949422E-003
         736   4.5533233313563657E-003
         737   4.5266367097879737E-003
         738   4.5001065185861578E-003
         739   4.4737318402725025E-003
         740   4.4475117627603830E-003
         741   4.4214453793259305E-003
         742   4.3955317885755801E-003
         743   4.3697700944112976E-003
         744   4.3441594060024255E-003
         745   4.3186988377550356E-003
         746   4.2933875092770035E-003
         747   4.2682245453521802E-003
         748   4.2432090759059312E-003
         749   4.2183402359749289E-003
         750   4.1936171656792361E-003
         751   4.1690390101923143E-003
         752   4.1446049197070020E-003
         753   4.1203140494091746E-003
         754   4.0961655594477500E-003
         755   4.0721586149060646E-003
         756   4.0482923857703751E-003
         757   4.0245660469033998E-003
         758   4.0009787780137451E-003
         759   3.9775297636272661E-003
         760   3.9542181930603479E-003
         761   3.9310432603885687E-003
         762   3.9080041644225516E-003
         763   3.8851001086778335E-003
         764   3.8623303013453395E-003
         765   3.8396939552670087E-003
         766   3.8171902879049649E-003
         767   3.7948185213177092E-003
         768   3.7725778821317366E-003
         769   3.7504676015129384E-003
         770   3.7284869151422905E-003
         771   3.7066350631854306E-003
         772   3.6849112902732667E-003
         773   3.6633148454674187E-003
         774   3.6418449822372360E-003
         775   3.6205009584390430E-003
         776   3.5992820362800507E-003
         777   3.5781874823015438E-003
         778   3.5572165673493851E-003
         779   3.5363685665486160E-003
         780   3.5156427592793176E-003
         781   3.4950384291502763E-003
         782   3.4745548639744696E-003
         783   3.4541913557485171E-003
         784   3.4339472006198520E-003
         785   3.4138216988677233E-003
         786   3.3938141548776274E-003
         787   3.3739238771163652E-003
         788   3.3541501781126988E-003
         789   3.3344923744248632E-003
         790   3.3149497866238604E-003
         791   3.2955217392668054E-003
         792   3.2762075608742734E-003
         793   3.2570065839071824E-003
         794   3.2379181447419522E-003
         795   3.2189415836502981E-003
         796   3.2000762447739048E-003
         797   3.1813214761026655E-003
         798   3.1626766294509325E-003
         799   3.1441410604373162E-003
         800   3.1257141284591838E-003
         801   3.1073951966748854E-003
         802   3.0891836319761629E-003
         803   3.0710788049695330E-003
         804   3.0530800899539654E-003
         805   3.0351868648990287E-003
         806   3.0173985114217467E-003
         807   2.9997144147705566E-003
         808   2.9821339637966281E-003
         809   2.9646565509354431E-003
         810   2.9472815721897699E-003
         811   2.9300084271016930E-003
         812   2.9128365187383073E-003
         813   2.8957652536641038E-003
         814   2.8787940419296052E-003
         815   2.8619222970409750E-003
         816   2.8451494359457213E-003
         817   2.8284748790141389E-003
         818   2.8118980500103576E-003
         819   2.7954183760841348E-003
         820   2.7790352877391875E-003
         821   2.7627482188233563E-003
         822   2.7465566065036453E-003
         823   2.7304598912466444E-003
         824   2.7144575168040253E-003
         825   2.6985489301856696E-003
         826   2.6827335816460404E-003
         827   2.6670109246644817E-003
         828   2.6513804159225933E-003
         829   2.6358415152922844E-003
         830   2.6203936858089044E-003
         831   2.6050363936575378E-003
         832   2.5897691081567622E-003
         833   2.5745913017330598E-003
         834   2.5595024499092981E-003
         835   2.5445020312825496E-003
         836   2.5295895275069861E-003
         837   2.5147644232779683E-003
         838   2.5000262063102604E-003
         839   2.4853743673245408E-003
         840   2.4708084000265862E-003
         841   2.4563278010910797E-003
         842   2.4419320701454740E-003
         843   2.4276207097475586E-003
         844   2.4133932253743618E-003
         845   2.3992491254026245E-003
         846   2.3851879210928283E-003
         847   2.3712091265666560E-003
         848   2.3573122587989873E-003
         849   2.3434968375948390E-003
         850   2.3297623855760199E-003
         851   2.3161084281607749E-003
         852   2.3025344935522097E-003
         853   2.2890401127186018E-003
         854   2.2756248193795772E-003
         855   2.2622881499841630E-003
         856   2.2490296437051921E-003
         857   2.2358488424133243E-003
         858   2.2227452906671097E-003
         859   2.2097185356925050E-003
         860   2.1967681273731719E-003
         861   2.1838936182299543E-003
         862   2.1710945634068296E-003
         863   2.1583705206593916E-003
         864   2.1457210503283948E-003
         865   2.1331457153395748E-003
         866   2.1206440811780440E-003
         867   2.1082157158755178E-003
         868   2.0958601899972529E-003
         869   2.0835770766271808E-003
         870   2.0713659513493664E-003
         871   2.0592263922372413E-003
         872   2.0471579798375132E-003
         873   2.0351602971561515E-003
         874   2.0232329296435065E-003
         875   2.0113754651816017E-003
         876   1.9995874940654228E-003
         877   1.9878686089926699E-003
         878   1.9762184050500413E-003
         879   1.9646364796985670E-003
         880   1.9531224327569274E-003
         881   1.9416758663879498E-003
         882   1.9302963850918893E-003
         883   1.9189835956836586E-003
         884   1.9077371072843258E-003
         885   1.8965565313052895E-003
         886   1.8854414814368696E-003
         887   1.8743915736320006E-003
         888   1.8634064260992227E-003
         889   1.8524856592804244E-003
         890   1.8416288958466346E-003
         891   1.8308357606740930E-003
         892   1.8201058808448676E-003
         893   1.8094388856254721E-003
         894   1.7988344064519023E-003
         895   1.7882920769244886E-003
         896   1.7778115327906796E-003
         897   1.7673924119304628E-003
         898   1.7570343543493936E-003
         899   1.7467370021632066E-003
         900   1.7364999995829345E-003
         901   1.7263229929082365E-003
         902   1.7162056305086567E-003
         903   1.7061475628173716E-003
         904   1.6961484423161223E-003
         905   1.6862079235225851E-003
         906   1.6763256629815301E-003
         907   1.6665013192480491E-003
         908   1.6567345528819490E-003
         909   1.6470250264298549E-003
         910   1.6373724044175773E-003
         911   1.6277763533379432E-003
         912   1.6182365416367670E-003
         913   1.6087526397048676E-003
         914   1.5993243198657641E-003
         915   1.5899512563606101E-003
         916   1.5806331253436150E-003
         917   1.5713696048639540E-003
         918   1.5621603748592497E-003
         919   1.5530051171432960E-003
         920   1.5439035153968082E-003
         921   1.5348552551500807E-003
         922   1.5258600237784503E-003
         923   1.5169175104935663E-003
         924   1.5080274063211270E-003
         925   1.4991894041071355E-003
         926   1.4904031984884481E-003
         927   1.4816684858986518E-003
         928   1.4729849645477059E-003
         929   1.4643523344141228E-003
         930   1.4557702972367000E-003
         931   1.4472385564995678E-003
         932   1.4387568174290281E-003
         933   1.4303247869737164E-003
         934   1.4219421738054393E-003
         935   1.4136086883010284E-003
         936   1.4053240425326459E-003
         937   1.3970879502634686E-003
         938   1.3889001269347153E-003
         939   1.3807602896508740E-003
         940   1.3726681571790342E-003
         941   1.3646234499330989E-003
         942   1.3566258899647239E-003
         943   1.3486752009567648E-003
         944   1.3407711082099516E-003
         945   1.3329133386342411E-003
         946   1.3251016207429689E-003
         947   1.3173356846392704E-003
         948   1.3096152620065259E-003
         949   1.3019400861041083E-003
         950   1.2943098917525284E-003
         951   1.2867244153258741E-003
         952   1.2791833947449476E-003
         953   1.2716865694647036E-003
         954   1.2642336804720839E-003
         955   1.2568244702649935E-003
         956   1.2494586828573644E-003
         957   1.2421360637565205E-003
         958   1.2348563599680459E-003
         959   1.2276193199764085E-003
         960   1.2204246937403955E-003
         961   1.2132722326849161E-003
         962   1.2061616896943011E-003
         963   1.1990928190971765E-003
         964   1.1920653766630833E-003
         965   1.1850791195938081E-003
         966   1.1781338065142452E-003
         967   1.1712291974641223E-003
         968   1.1643650538884877E-003
         969   1.1575411386316437E-003
         970   1.1507572159272792E-003
         971   1.1440130513901440E-003
         972   1.1373084120110007E-003
         973   1.1306430661433529E-003
         974   1.1240167835011256E-003
         975   1.1174293351449262E-003
         976   1.1108804934806037E-003
         977   1.1043700322453341E-003
         978   1.0978977265033974E-003
         979   1.0914633526362850E-003
         980   1.0850666883388729E-003
         981   1.0787075126049211E-003
         982   1.0723856057271561E-003
         983   1.0661007492847694E-003
         984   1.0598527261355033E-003
         985   1.0536413204109915E-003
         986   1.0474663175104257E-003
         987   1.0413275040846018E-003
         988   1.0352246680403812E-003
         989   1.0291575985271408E-003
         990   1.0231260859281050E-003
         991   1.0171299218544498E-003
         992   1.0111688991394743E-003
         993   1.0052428118330439E-003
         994   9.9935145518697285E-004
         995   9.9349462565993091E-004
         996   9.8767212089703694E-004
         997   9.8188373973223100E-004
         998   9.7612928218033005E-004
         999   9.7040854942187288E-004
        1000   9.6472134381164439E-004
        1001   9.5906746885647759E-004
        1002   9.5344672921437404E-004
        1003   9.4785893069217219E-004
        1004   9.4230388023288985E-004
        1005   9.3678138590943378E-004
        1006   9.3129125692428480E-004
        1007   9.2583330359170032E-004
        1008   9.2040733734274698E-004
        1009   9.1501317071207263E-004
        1010   9.0965061733014416E-004
        1011   9.0431949192523416E-004
        1012   8.9901961030742431E-004
        1013   8.9375078936752286E-004
        1014   8.8851284706886323E-004
        1015   8.8330560244380765E-004
        1016   8.7812887558163133E-004
        1017   8.7298248762867443E-004
        1018   8.6786626078021428E-004
        1019   8.6278001827128710E-004
        1020   8.5772358437412191E-004
        1021   8.5269678439022791E-004
        1022   8.4769944464498309E-004
        1023   8.4273139248351909E-004
        1024   8.3779245626095682E-004
        1025   8.3288246533797059E-004
        1026   8.2800125007574481E-004
        1027   8.2314864183207609E-004
        1028   8.1832447294950719E-004
        1029   8.1352857675433710E-004
        1030   8.0876078755192380E-004
        1031   8.0402094061618262E-004
        1032   7.9930887218787649E-004
        1033   7.9462441946539228E-004
        1034   7.8996742060161488E-004
        1035   7.8533771470259994E-004
        1036   7.8073514181137965E-004
        1037   7.7615954291025040E-004
        1038   7.7161075991675902E-004
        1039   7.6708863567047912E-004
        1040   7.6259301393440224E-004
        1041   7.5812373938585113E-004
        1042   7.5368065761326414E-004
        1043   7.4926361511104978E-004
        1044   7.4487245927159162E-004
        1045   7.4050703838294727E-004
        1046   7.3616720161935622E-004
        1047   7.3185279904506000E-004
        1048   7.2756368159554994E-004
        1049   7.2329970108555024E-004
        1050   7.1906071019675502E-004
        1051   7.1484656247255952E-004
        1052   7.1065711231773048E-004
        1053   7.0649221498646718E-004
        1054   7.0235172658383773E-004
        1055   6.9823550405956445E-004
        1056   6.9414340519797981E-004
        1057   6.9007528861987643E-004
        1058   6.8603101377446316E-004
        1059   6.8201044093109181E-004
        1060   6.7801343118342511E-004
        1061   6.7403984643603875E-004
        1062   6.7008954940234264E-004
        1063   6.6616240360362587E-004
        1064   6.6225827335612472E-004
        1065   6.5837702377440760E-004
        1066   6.5451852076497182E-004
        1067   6.5068263101621918E-004
        1068   6.4686922200158227E-004
        1069   6.4307816196814587E-004
        1070   6.3930931993728284E-004
        1071   6.3556256569736102E-004
        1072   6.3183776980011634E-004
        1073   6.2813480355424173E-004
        1074   6.2445353902566402E-004
        1075   6.2079384902800005E-004
        1076   6.1715560712043789E-004
        1077   6.1353868760299175E-004
        1078   6.0994296551366320E-004
        1079   6.0636831662185615E-004
        1080   6.0281461742415197E-004
        1081   5.9928174514387500E-004
        1082   5.9576957771958637E-004
        1083   5.9227799381011688E-004
        1084   5.8880687278221162E-004
        1085   5.8535609470902327E-004
        1086   5.8192554036861461E-004
        1087   5.7851509123786008E-004
        1088   5.7512462948650805E-004
        1089   5.7175403797548262E-004
        1090   5.6840320025416697E-004
        1091   5.6507200055062369E-004
        1092   5.6176032377611694E-004
        1093   5.5846805551167708E-004
        1094   5.5519508201188521E-004
        1095   5.5194129019724408E-004
        1096   5.4870656764935324E-004
        1097   5.4549080261304290E-004
        1098   5.4229388398359315E-004
        1099   5.3911570130945892E-004
        1100   5.3595614478563279E-004
        1101   5.3281510525091591E-004
        1102   5.2969247418522918E-004
        1103   5.2658814370229164E-004
        1104   5.2350200654817608E-004
        1105   5.2043395610006571E-004
        1106   5.1738388635834268E-004
        1107   5.1435169194324957E-004
        1108   5.1133726809535955E-004
        1109   5.0834051066773469E-004
        1110   5.0536131612334274E-004
        1111   5.0239958153278129E-004
        1112   4.9945520456965613E-004
        1113   4.9652808350689648E-004
        1114   4.9361811721509248E-004
        1115   4.9072520515561116E-004
        1116   4.8784924738039335E-004
        1117   4.8499014452604199E-004
        1118   4.8214779781083860E-004
        1119   4.7932210903674628E-004
        1120   4.7651298057403870E-004
        1121   4.7372031537142555E-004
        1122   4.7094401694183254E-004
        1123   4.6818398936741449E-004
        1124   4.6544013728898434E-004
        1125   4.6271236590804556E-004
        1126   4.6000058098394906E-004
        1127   4.5730468882294189E-004
        1128   4.5462459628475697E-004
        1129   4.5196021077366149E-004
        1130   4.4931144023587877E-004
        1131   4.4667819315881625E-004
        1132   4.4406037856398178E-004
        1133   4.4145790600832302E-004
        1134   4.3887068557817247E-004
        1135   4.3629862788487002E-004
        1136   4.3374164406508037E-004
        1137   4.3119964577840748E-004
        1138   4.2867254519834551E-004
        1139   4.2616025501699030E-004
        1140   4.2366268843430039E-004
        1141   4.2117975916057228E-004
        1142   4.1871138141255491E-004
        1143   4.1625746991033711E-004
        1144   4.1381793986960529E-004
        1145   4.1139270700989893E-004
        1146   4.0898168753643300E-004
        1147   4.0658479815206927E-004
        1148   4.0420195604585379E-004
        1149   4.0183307889082978E-004
        1150   3.9947808484495987E-004
        1151   3.9713689254235711E-004
        1152   3.9480942109860811E-004
        1153   3.9249559009818405E-004
        1154   3.9019531960187369E-004
        1155   3.8790853013543925E-004
        1156   3.8563514269214180E-004
        1157   3.8337507872672922E-004
        1158   3.8112826015578309E-004
        1159   3.7889460935291172E-004
        1160   3.7667404914690472E-004
        1161   3.7446650281778725E-004
        1162   3.7227189409730946E-004
        1163   3.7009014716152033E-004
        1164   3.6792118663388120E-004
        1165   3.6576493757772794E-004
        1166   3.6362132549328744E-004
        1167   3.6149027632260652E-004
        1168   3.5937171643892580E-004
        1169   3.5726557264702209E-004
        1170   3.5517177217935615E-004
        1171   3.5309024269764559E-004
        1172   3.5102091228478624E-004
        1173   3.4896370944878687E-004
        1174   3.4691856311270847E-004
        1175   3.4488540261997026E-004
        1176   3.4286415772279117E-004
        1177   3.4085475858962821E-004
        1178   3.3885713579863110E-004
        1179   3.3687122033022778E-004
        1180   3.3489694357236862E-004
        1181   3.3293423731884433E-004
        1182   3.3098303375457593E-004
        1183   3.2904326546887941E-004
        1184   3.2711486544338984E-004
        1185   3.2519776705154126E-004
        1186   3.2329190406114037E-004
        1187   3.2139721062422462E-004
        1188   3.1951362128019808E-004
        1189   3.1764107095233306E-004
        1190   3.1577949494590959E-004
        1191   3.1392882894178673E-004
        1192   3.1208900900308461E-004
        1193   3.1025997156421088E-004
        1194   3.0844165343347780E-004
        1195   3.0663399178862611E-004
        1196   3.0483692417566292E-004
        1197   3.0305038850686087E-004
        1198   3.0127432305939161E-004
        1199   2.9950866646984663E-004
        1200   2.9775335773625793E-004
        1201   2.9600833621359836E-004
        1202   2.9427354161183536E-004
        1203   2.9254891399621037E-004
        1204   2.9083439378119294E-004
        1205   2.8912992173097762E-004
        1206   2.8743543895655578E-004
        1207   2.8575088691525476E-004
        1208   2.8407620740500834E-004
        1209   2.8241134256955268E-004
        1210   2.8075623488647134E-004
        1211   2.7911082717348450E-004
        1212   2.7747506258228610E-004
        1213   2.7584888459878298E-004
        1214   2.7423223703802252E-004
        1215   2.7262506404755353E-004
        1216   2.7102731009891857E-004
        1217   2.6943891999302798E-004
        1218   2.6785983884831661E-004
        1219   2.6629001211084339E-004
        1220   2.6472938554418068E-004
        1221   2.6317790522807221E-004
        1222   2.6163551755997976E-004
        1223   2.6010216925158260E-004
        1224   2.5857780732734697E-004
        1225   2.5706237912080686E-004
        1226   2.5555583227434539E-004
        1227   2.5405811473763621E-004
        1228   2.5256917476633526E-004
        1229   2.5108896091860229E-004
        1230   2.4961742205201377E-004
        1231   2.4815450732654394E-004
        1232   2.4670016620008715E-004
        1233   2.4525434842489590E-004
        1234   2.4381700404928853E-004
        1235   2.4238808341404340E-004
        1236   2.4096753715044381E-004
        1237   2.3955531617977403E-004
        1238   2.3815137171044967E-004
        1239   2.3675565523664658E-004
        1240   2.3536811853676478E-004
        1241   2.3398871367381183E-004
        1242   2.3261739298811700E-004
        1243   2.3125410910279252E-004
        1244   2.2989881491595183E-004
        1245   2.2855146360413039E-004
        1246   2.2721200861686034E-004
        1247   2.2588040367620398E-004
        1248   2.2455660277490664E-004
        1249   2.2324056017938677E-004
        1250   2.2193223041975672E-004
        1251   2.2063156829238187E-004
        1252   2.1933852886093312E-004
        1253   2.1805306745274649E-004
        1254   2.1677513965485284E-004
        1255   2.1550470131599274E-004
        1256   2.1424170854425709E-004
        1257   2.1298611770117557E-004
        1258   2.1173788540944770E-004
        1259   2.1049696854089924E-004
        1260   2.0926332422548718E-004
        1261   2.0803690983858255E-004
        1262   2.0681768301062306E-004
        1263   2.0560560161689075E-004
        1264   2.0440062377958575E-004
        1265   2.0320270786923202E-004
        1266   2.0201181249983181E-004
        1267   2.0082789652207107E-004
        1268   1.9965091903545768E-004
        1269   1.9848083937599789E-004
        1270   1.9731761711784526E-004
        1271   1.9616121207136837E-004
        1272   1.9501158428326829E-004
        1273   1.9386869403800158E-004
        1274   1.9273250184490974E-004
        1275   1.9160296845117952E-004
        1276   1.9048005483363498E-004
        1277   1.8936372219237896E-004
        1278   1.8825393196182245E-004
        1279   1.8715064579786497E-004
        1280   1.8605382558423280E-004
        1281   1.8496343342402658E-004
        1282   1.8387943164820006E-004
        1283   1.8280178280118665E-004
        1284   1.8173044965256180E-004
        1285   1.8066539518900583E-004
        1286   1.7960658261320756E-004
        1287   1.7855397534260713E-004
        1288   1.7750753701170939E-004
        1289   1.7646723146648262E-004
        1290   1.7543302276471265E-004
        1291   1.7440487517467917E-004
        1292   1.7338275317454018E-004
        1293   1.7236662145064390E-004
        1294   1.7135644489515598E-004
        1295   1.7035218860960393E-004
        1296   1.6935381789643021E-004
        1297   1.6836129826094067E-004
        1298   1.6737459541502750E-004
        1299   1.6639367526465336E-004
        1300   1.6541850392339717E-004
        1301   1.6444904769709925E-004
        1302   1.6348527309297109E-004
        1303   1.6252714681316897E-004
        1304   1.6157463575407091E-004
        1305   1.6062770700658622E-004
        1306   1.5968632785777511E-004
        1307   1.5875046578155621E-004
        1308   1.5782008844339812E-004
        1309   1.5689516369964940E-004
        1310   1.5597565959626900E-004
        1311   1.5506154436292400E-004
        1312   1.5415278641919502E-004
        1313   1.5324935436750875E-004
        1314   1.5235121699437720E-004
        1315   1.5145834326855712E-004
        1316   1.5057070234452237E-004
        1317   1.4968826355381490E-004
        1318   1.4881099640725985E-004
        1319   1.4793887059677104E-004
        1320   1.4707185598990008E-004
        1321   1.4620992263361947E-004
        1322   1.4535304074708193E-004
        1323   1.4450118072610471E-004
        1324   1.4365431313947372E-004
        1325   1.4281240872821965E-004
        1326   1.4197543840576904E-004
        1327   1.4114337325483352E-004
        1328   1.4031618452661101E-004
        1329   1.3949384364425586E-004
        1330   1.3867632219510020E-004
        1331   1.3786359193454842E-004
        1332   1.3705562478260396E-004
        1333   1.3625239282653639E-004
        1334   1.3545386831311521E-004
        1335   1.3466002365451155E-004
        1336   1.3387083142278421E-004
        1337   1.3308626435246077E-004
        1338   1.3230629533914838E-004
        1339   1.3153089743272404E-004
        1340   1.3076004384510141E-004
        1341   1.2999370794391019E-004
        1342   1.2923186324990569E-004
        1343   1.2847448344484658E-004
        1344   1.2772154236137653E-004
        1345   1.2697301398485977E-004
        1346   1.2622887245354006E-004
        1347   1.2548909205919802E-004
        1348   1.2475364724178102E-004
        1349   1.2402251259235092E-004
        1350   1.2329566285097882E-004
        1351   1.2257307290505472E-004
        1352   1.2185471779010934E-004
        1353   1.2114057268611416E-004
        1354   1.2043061292051051E-004
        1355   1.1972481396471759E-004
        1356   1.1902315143405497E-004
        1357   1.1832560108556174E-004
        1358   1.1763213881999795E-004
        1359   1.1694274067869799E-004
        1360   1.1625738284302660E-004
        1361   1.1557604163435552E-004
        1362   1.1489869351332604E-004
        1363   1.1422531507559512E-004
        1364   1.1355588306012892E-004
        1365   1.1289037433425803E-004
        1366   1.1222876590777833E-004
        1367   1.1157103492206081E-004
        1368   1.1091715865150922E-004
        1369   1.1026711450811487E-004
        1370   1.0962088003043996E-004
        1371   1.0897843289182277E-004
        1372   1.0833975089701291E-004
        1373   1.0770481198032430E-004
        1374   1.0707359420309912E-004
        1375   1.0644607575734891E-004
        1376   1.0582223496424706E-004
        1377   1.0520205027014896E-004
        1378   1.0458550024698414E-004
        1379   1.0397256359401586E-004
        1380   1.0336321913411140E-004
        1381   1.0275744581508143E-004
        1382   1.0215522270764748E-004
        1383   1.0155652900587341E-004
        1384   1.0096134402483257E-004
        1385   1.0036964720146672E-004
        1386   9.9781418092549011E-005
        1387   9.9196636376319930E-005
        1388   9.8615281845602606E-005
        1389   9.8037334417646187E-005
        1390   9.7462774125772311E-005
        1391   9.6891581116051741E-005
        1392   9.6323735656196190E-005
        1393   9.5759218127917627E-005
        1394   9.5198009026349552E-005
        1395   9.4640088962116701E-005
        1396   9.4085438658867440E-005
        1397   9.3534038954914126E-005
        1398   9.2985870799266088E-005
        1399   9.2440915253255932E-005
        1400   9.1899153487829985E-005
        1401   9.1360566786980338E-005
        1402   9.0825136541889298E-005
        1403   9.0292844254711844E-005
        1404   8.9763671533161300E-005
        1405   8.9237600095681276E-005
        1406   8.8714611768432426E-005
        1407   8.8194688480032943E-005
        1408   8.7677812268119079E-005
        1409   8.7163965274615358E-005
        1410   8.6653129747795297E-005
        1411   8.6145288037515235E-005
        1412   8.5640422598614468E-005
        1413   8.5138515987305316E-005
        1414   8.4639550863947286E-005
        1415   8.4143509990153946E-005
        1416   8.3650376226522687E-005
        1417   8.3160132534915480E-005
        1418   8.2672761980341573E-005
        1419   8.2188247723698779E-005
        1420   8.1706573022217018E-005
        1421   8.1227721238294728E-005
        1422   8.0751675825710919E-005
        1423   8.0278420337478453E-005
        1424   7.9807938425034732E-005
        1425   7.9340213830518500E-005
        1426   7.8875230395599008E-005
        1427   7.8412972056476552E-005
        1428   7.7953422839544063E-005
        1429   7.7496566870875671E-005
        1430   7.7042388364347217E-005
        1431   7.6590871628511050E-005
        1432   7.6142001064631419E-005
        1433   7.5695761163097422E-005
        1434   7.5252136508533634E-005
        1435   7.4811111772725501E-005
        1436   7.4372671717624827E-005
        1437   7.3936801196409853E-005
        1438   7.3503485149847315E-005
        1439   7.3072708607382997E-005
        1440   7.2644456686463119E-005
        1441   7.2218714590055726E-005
        1442   7.1795467608603530E-005
        1443   7.1374701121101306E-005
        1444   7.0956400589866132E-005
        1445   7.0540551560742336E-005
        1446   7.0127139668698388E-005
        1447   6.9716150629131247E-005
        1448   6.9307570243201826E-005
        1449   6.8901384395608155E-005
        1450   6.8497579051356118E-005
        1451   6.8096140259321877E-005
        1452   6.7697054150361074E-005
        1453   6.7300306938542450E-005
        1454   6.6905884912610511E-005
        1455   6.6513774446860446E-005
        1456   6.6123961995395267E-005
        1457   6.5736434088798919E-005
        1458   6.5351177338613349E-005
        1459   6.4968178435357709E-005
        1460   6.4587424145543405E-005
        1461   6.4208901315480115E-005
        1462   6.3832596866162866E-005
        1463   6.3458497797899772E-005
        1464   6.3086591184572093E-005
        1465   6.2716864176579946E-005
        1466   6.2349304000644532E-005
        1467   6.1983897957935310E-005
        1468   6.1620633425539515E-005
        1469   6.1259497850349695E-005
        1470   6.0900478756814076E-005
        1471   6.0543563738764586E-005
        1472   6.0188740467939535E-005
        1473   5.9835996683697101E-005
        1474   5.9485320199875509E-005
        1475   5.9136698899012154E-005
        1476   5.8790120738760113E-005
        1477   5.8445573744299351E-005
        1478   5.8103046009905856E-005
        1479   5.7762525703787604E-005
        1480   5.7424001060827259E-005
        1481   5.7087460384607821E-005
        1482   5.6752892048351888E-005
        1483   5.6420284490709235E-005
        1484   5.6089626223849859E-005
        1485   5.5760905820951865E-005
        1486   5.5434111926736960E-005
        1487   5.5109233248888347E-005
        1488   5.4786258564186013E-005
        1489   5.4465176713011839E-005
        1490   5.4145976603791364E-005
        1491   5.3828647207250345E-005
        1492   5.3513177560414743E-005
        1493   5.3199556763394648E-005
        1494   5.2887773980609011E-005
        1495   5.2577818441261081E-005
        1496   5.2269679435812080E-005
        1497   5.1963346318130244E-005
        1498   5.1658808504325419E-005
        1499   5.1356055473581160E-005
        1500   5.1055076766127524E-005
        1501   5.0755861982531337E-005
        1502   5.0458400784083035E-005
        1503   5.0162682896374979E-005
        1504   4.9868698099448424E-005
        1505   4.9576436239575965E-005
        1506   4.9285887216374112E-005
        1507   4.8997040993306702E-005
        1508   4.8709887591152077E-005
        1509   4.8424417086795124E-005
        1510   4.8140619618831487E-005
        1511   4.7858485382439762E-005
        1512   4.7578004630227690E-005
        1513   4.7299167669711051E-005
        1514   4.7021964869777157E-005
        1515   4.6746386651409508E-005
        1516   4.6472423495479277E-005
        1517   4.6200065934571820E-005
        1518   4.5929304560696216E-005
        1519   4.5660130018848010E-005
        1520   4.5392533008340455E-005
        1521   4.5126504282342942E-005
        1522   4.4862034653606040E-005
        1523   4.4599114980979542E-005
        1524   4.4337736184435433E-005
        1525   4.4077889231759785E-005
        1526   4.3819565143749359E-005
        1527   4.3562754998447862E-005
        1528   4.3307449919917231E-005
        1529   4.3053641091338059E-005
        1530   4.2801319741197256E-005
        1531   4.2550477151744051E-005
        1532   4.2301104657185953E-005
        1533   4.2053193642670765E-005
        1534   4.1806735542289144E-005
        1535   4.1561721841025738E-005
        1536   4.1318144073825095E-005
        1537   4.1075993823881807E-005
        1538   4.0835262727834664E-005
        1539   4.0595942466682442E-005
        1540   4.0358024772025457E-005
        1541   4.0121501423894902E-005
        1542   3.9886364251379138E-005
        1543   3.9652605131103781E-005
        1544   3.9420215984969471E-005
        1545   3.9189188785687285E-005
        1546   3.8959515550746880E-005
        1547   3.8731188344090980E-005
        1548   3.8504199278485663E-005
        1549   3.8278540511728449E-005
        1550   3.8054204246507624E-005
        1551   3.7831182732855964E-005
        1552   3.7609468265378999E-005
        1553   3.7389053183992479E-005
        1554   3.7169929872472644E-005
        1555   3.6952090761755460E-005
        1556   3.6735528324021406E-005
        1557   3.6520235078324309E-005
        1558   3.6306203587666014E-005
        1559   3.6093426453727991E-005
        1560   3.5881896328395895E-005
        1561   3.5671605902556227E-005
        1562   3.5462547910281863E-005
        1563   3.5254715127974021E-005
        1564   3.5048100377750173E-005
        1565   3.4842696517866139E-005
        1566   3.4638496454556802E-005
        1567   3.4435493132214071E-005
        1568   3.4233679536180969E-005
        1569   3.4033048694716226E-005
        1570   3.3833593674875976E-005
        1571   3.3635307586388487E-005
        1572   3.3438183580735975E-005
        1573   3.3242214843593461E-005
        1574   3.3047394607725359E-005
        1575   3.2853716140329884E-005
        1576   3.2661172750587819E-005
        1577   3.2469757784456377E-005
        1578   3.2279464630650944E-005
        1579   3.2090286714086351E-005
        1580   3.1902217500063343E-005
        1581   3.1715250489207112E-005
        1582   3.1529379221007931E-005
        1583   3.1344597276386115E-005
        1584   3.1160898268717655E-005
        1585   3.0978275853564885E-005
        1586   3.0796723719931533E-005
        1587   3.0616235596172250E-005
        1588   3.0436805244361297E-005
        1589   3.0258426469784845E-005
        1590   3.0081093105511584E-005
        1591   2.9904799024736729E-005
        1592   2.9729538139142225E-005
        1593   2.9555304392607668E-005
        1594   2.9382091763567716E-005
        1595   2.9209894270469631E-005
        1596   2.9038705962162096E-005
        1597   2.8868520926177549E-005
        1598   2.8699333279394443E-005
        1599   2.8531137178903882E-005
        1600   2.8363926813836136E-005
        1601   2.8197696405929652E-005
        1602   2.8032440212784806E-005
        1603   2.7868152524553183E-005
        1604   2.7704827665469378E-005
        1605   2.7542459991463680E-005
        1606   2.7381043895512995E-005
        1607   2.7220573796695705E-005
        1608   2.7061044155728269E-005
        1609   2.6902449457195794E-005
        1610   2.6744784224080264E-005
        1611   2.6588043008185047E-005
        1612   2.6432220392866243E-005
        1613   2.6277310996634464E-005
        1614   2.6123309467537829E-005
        1615   2.5970210483168804E-005
        1616   2.5818008754622091E-005
        1617   2.5666699023725295E-005
        1618   2.5516276063466484E-005
        1619   2.5366734676373435E-005
        1620   2.5218069694176101E-005
        1621   2.5070275983411511E-005
        1622   2.4923348436179264E-005
        1623   2.4777281975959353E-005
        1624   2.4632071556363401E-005
        1625   2.4487712162324824E-005
        1626   2.4344198804753566E-005
        1627   2.4201526525267831E-005
        1628   2.4059690395164501E-005
        1629   2.3918685512856499E-005
        1630   2.3778507009210313E-005
        1631   2.3639150037196834E-005
        1632   2.3500609786471069E-005
        1633   2.3362881467080006E-005
        1634   2.3225960323010256E-005
        1635   2.3089841622948293E-005
        1636   2.2954520663131845E-005
        1637   2.2819992770363421E-005
        1638   2.2686253293959577E-005
        1639   2.2553297614174989E-005
        1640   2.2421121139165286E-005
        1641   2.2289719302062882E-005
        1642   2.2159087561564413E-005
        1643   2.2029221405382880E-005
        1644   2.1900116346037880E-005
        1645   2.1771767922434611E-005
        1646   2.1644171701958896E-005
        1647   2.1517323275917294E-005
        1648   2.1391218260383941E-005
        1649   2.1265852299604940E-005
        1650   2.1141221062523155E-005
        1651   2.1017320241427085E-005
        1652   2.0894145557585943E-005
        1653   2.0771692755752206E-005
        1654   2.0649957602332819E-005
        1655   2.0528935894916064E-005
        1656   2.0408623449268318E-005
        1657   2.0289016111143979E-005
        1658   2.0170109746008564E-005
        1659   2.0051900247196388E-005
        1660   1.9934383530089028E-005
        1661   1.9817555535641950E-005
        1662   1.9701412225058850E-005
        1663   1.9585949587598796E-005
        1664   1.9471163634295144E-005
        1665   1.9357050398404272E-005
        1666   1.9243605937721729E-005
        1667   1.9130826332824399E-005
        1668   1.9018707686961739E-005
        1669   1.8907246126631805E-005
        1670   1.8796437801003323E-005
        1671   1.8686278882494494E-005
        1672   1.8576765563282743E-005
        1673   1.8467894060864471E-005
        1674   1.8359660614702625E-005
        1675   1.8252061483177366E-005
        1676   1.8145092950329159E-005
        1677   1.8038751321309995E-005
        1678   1.7933032920815680E-005
        1679   1.7827934095735623E-005
        1680   1.7723451214922518E-005
        1681   1.7619580670930994E-005
        1682   1.7516318872953568E-005
        1683   1.7413662254261545E-005
        1684   1.7311607267982422E-005
        1685   1.7210150387066975E-005
        1686   1.7109288107131893E-005
        1687   1.7009016944058135E-005
        1688   1.6909333432342805E-005
        1689   1.6810234128260118E-005
        1690   1.6711715609614026E-005
        1691   1.6613774469940817E-005
        1692   1.6516407327508483E-005
        1693   1.6419610817296790E-005
        1694   1.6323381596127096E-005
        1695   1.6227716337641605E-005
        1696   1.6132611737212397E-005
        1697   1.6038064510544236E-005
        1698   1.5944071389596385E-005
        1699   1.5850629128144484E-005
        1700   1.5757734495789576E-005
        1701   1.5665384284561210E-005
        1702   1.5573575303506682E-005
        1703   1.5482304381361562E-005
        1704   1.5391568362781646E-005
        1705   1.5301364114251247E-005
        1706   1.5211688519525094E-005
        1707   1.5122538480835920E-005
        1708   1.5033910917468041E-005
        1709   1.4945802767027237E-005
        1710   1.4858210983512688E-005
        1711   1.4771132544923026E-005
        1712   1.4684564440869731E-005
        1713   1.4598503678806291E-005
        1714   1.4512947287789288E-005
        1715   1.4427892310344687E-005
        1716   1.4343335808642339E-005
        1717   1.4259274861226798E-005
        1718   1.4175706563589911E-005
        1719   1.4092628028495862E-005
        1720   1.4010036386633125E-005
        1721   1.3927928782891763E-005
        1722   1.3846302381057220E-005
        1723   1.3765154361389252E-005
        1724   1.3684481919391181E-005
        1725   1.3604282270389841E-005
        1726   1.3524552640615227E-005
        1727   1.3445290276036485E-005
        1728   1.3366492438191956E-005
        1729   1.3288156406362551E-005
        1730   1.3210279471392482E-005
        1731   1.3132858945877428E-005
        1732   1.3055892151618206E-005
        1733   1.2979376432489753E-005
        1734   1.2903309141839809E-005
        1735   1.2827687655316545E-005
        1736   1.2752509356258891E-005
        1737   1.2677771650337436E-005
        1738   1.2603471953639053E-005
        1739   1.2529607700236188E-005
        1740   1.2456176336390857E-005
        1741   1.2383175328899048E-005
        1742   1.2310602151628582E-005
        1743   1.2238454298857963E-005
        1744   1.2166729277814659E-005
        1745   1.2095424610218127E-005
        1746   1.2024537832022345E-005
        1747   1.1954066496170547E-005
        1748   1.1884008166150931E-005
        1749   1.1814360421376459E-005
        1750   1.1745120856532080E-005
        1751   1.1676287079206276E-005
        1752   1.1607856710310482E-005
        1753   1.1539827386319201E-005
        1754   1.1472196757699920E-005
        1755   1.1404962485952222E-005
        1756   1.1338122250355571E-005
        1757   1.1271673739832788E-005
        1758   1.1205614659903659E-005
        1759   1.1139942727174161E-005
        1760   1.1074655673261092E-005
        1761   1.1009751242123403E-005
        1762   1.0945227192326312E-005
        1763   1.0881081292883467E-005
        1764   1.0817311329286593E-005
        1765   1.0753915097999728E-005
        1766   1.0690890407776683E-005
        1767   1.0628235082445739E-005
        1768   1.0565946955912847E-005
        1769   1.0504023876653467E-005
        1770   1.0442463707107168E-005
        1771   1.0381264316996353E-005
        1772   1.0320423594459223E-005
        1773   1.0259939437475819E-005
        1774   1.0199809753915705E-005
        1775   1.0140032469275445E-005
        1776   1.0080605517396666E-005
        1777   1.0021526843225212E-005
        1778   9.9627944085986030E-006
        1779   9.9044061819879554E-006
        1780   9.8463601473859741E-006
        1781   9.7886542986372703E-006
        1782   9.7312866437371925E-006
        1783   9.6742551966711029E-006
        1784   9.6175579923090147E-006
        1785   9.5611930678846459E-006
        1786   9.5051584784879227E-006
        1787   9.4494522844871355E-006
        1788   9.3940725655993511E-006
        1789   9.3390174051031663E-006
        1790   9.2842849038006496E-006
        1791   9.2298731687533752E-006
        1792   9.1757803210326103E-006
        1793   9.1220044904754320E-006
        1794   9.0685438219382992E-006
        1795   9.0153964647025791E-006
        1796   8.9625605844566792E-006
        1797   8.9100343566432723E-006
        1798   8.8578159641543387E-006
        1799   8.8059036052236041E-006
        1800   8.7542954841682660E-006
        1801   8.7029898206684668E-006
        1802   8.6519848392726405E-006
        1803   8.6012787795780741E-006
        1804   8.5508698889553894E-006
        1805   8.5007564258922973E-006
        1806   8.4509366600694510E-006
        1807   8.4014088687713676E-006
        1808   8.3521713416518473E-006
        1809   8.3032223769747683E-006
        1810   8.2545602837057518E-006
        1811   8.2061833810980119E-006
        1812   8.1580899971434881E-006
        1813   8.1102784712319799E-006
        1814   8.0627471511369681E-006
        1815   8.0154943943950676E-006
        1816   7.9685185669066707E-006
        1817   7.9218180485123926E-006
        1818   7.8753912242686318E-006
        1819   7.8292364903840460E-006
        1820   7.7833522523663188E-006
        1821   7.7377369246930078E-006
        1822   7.6923889315968965E-006
        1823   7.6473067060591991E-006
        1824   7.6024886904659155E-006
        1825   7.5579333372363741E-006
        1826   7.5136391049743521E-006
        1827   7.4696044647594994E-006
        1828   7.4258278962085849E-006
        1829   7.3823078846075715E-006
        1830   7.3390429291659081E-006
        1831   7.2960315327208544E-006
        1832   7.2532722106859631E-006
        1833   7.2107634841307257E-006
        1834   7.1685038860770385E-006
        1835   7.1264919552366314E-006
        1836   7.0847262400340664E-006
        1837   7.0432052998939006E-006
        1838   7.0019276977632841E-006
        1839   6.9608920082991165E-006
        1840   6.9200968132886419E-006
        1841   6.8795407039502015E-006
        1842   6.8392222791399600E-006
        1843   6.7991401457317696E-006
        1844   6.7592929169772329E-006
        1845   6.7196792198478202E-006
        1846   6.6802976833512404E-006
        1847   6.6411469485798274E-006
        1848   6.6022256594778292E-006
        1849   6.5635324749399692E-006
        1850   6.5250660561526914E-006
        1851   6.4868250745947209E-006
        1852   6.4488082102048650E-006
        1853   6.4110141481100416E-006
        1854   6.3734415821118805E-006
        1855   6.3360892158671268E-006
        1856   6.2989557568889570E-006
        1857   6.2620399247919342E-006
        1858   6.2253404416279224E-006
        1859   6.1888560413130120E-006
        1860   6.1525854604561149E-006
        1861   6.1165274494603105E-006
        1862   6.0806807605616470E-006
        1863   6.0450441561999034E-006
        1864   6.0096164044633480E-006
        1865   5.9743962824163690E-006
        1866   5.9393825713301343E-006
        1867   5.9045740623963423E-006
        1868   5.8699695536518949E-006
        1869   5.8355678491340652E-006
        1870   5.8013677600749150E-006
        1871   5.7673681043741425E-006
        1872   5.7335677089994877E-006
        1873   5.6999654053040292E-006
        1874   5.6665600309367288E-006
        1875   5.6333504340044551E-006
        1876   5.6003354655934582E-006
        1877   5.5675139859707081E-006
        1878   5.5348848614919900E-006
        1879   5.5024469618845282E-006
        1880   5.4701991700779515E-006
        1881   5.4381403719275990E-006
        1882   5.4062694571126781E-006
        1883   5.3745853262568988E-006
        1884   5.3430868843809175E-006
        1885   5.3117730419016594E-006
        1886   5.2806427191023304E-006
        1887   5.2496948400299848E-006
        1888   5.2189283339980508E-006
        1889   5.1883421391375069E-006
        1890   5.1579351987377803E-006
        1891   5.1277064625753581E-006
        1892   5.0976548851228690E-006
        1893   5.0677794286957803E-006
        1894   5.0380790617027200E-006
        1895   5.0085527578197918E-006
        1896   4.9791994955526272E-006
        1897   4.9500182623859908E-006
        1898   4.9210080499503056E-006
        1899   4.8921678549215702E-006
        1900   4.8634966815004019E-006
        1901   4.8349935395228411E-006
        1902   4.8066574438175308E-006
        1903   4.7784874156365332E-006
        1904   4.7504824811571127E-006
        1905   4.7226416728131761E-006
        1906   4.6949640294145292E-006
        1907   4.6674485940245465E-006
        1908   4.6400944172565784E-006
        1909   4.6129005520103353E-006
        1910   4.5858660606311816E-006
        1911   4.5589900082165237E-006
        1912   4.5322714655925528E-006
        1913   4.5057095113573964E-006
        1914   4.4793032270021383E-006
        1915   4.4530516996082383E-006
        1916   4.4269540232052529E-006
        1917   4.4010092935198584E-006
        1918   4.3752166186506526E-006
        1919   4.3495751039680026E-006
        1920   4.3240838649096504E-006
        1921   4.2987420205711640E-006
        1922   4.2735486954802651E-006
        1923   4.2485030174392267E-006
        1924   4.2236041249531550E-006
        1925   4.1988511549457498E-006
        1926   4.1742432517858688E-006
        1927   4.1497795670475793E-006
        1928   4.1254592555100416E-006
        1929   4.1012814759396347E-006
        1930   4.0772453935140282E-006
        1931   4.0533501771248730E-006
        1932   4.0295950020873975E-006
        1933   4.0059790462571370E-006
        1934   3.9825014960134508E-006
        1935   3.9591615383010094E-006
        1936   3.9359583670557462E-006
        1937   3.9128911819496920E-006
        1938   3.8899591844952561E-006
        1939   3.8671615829326356E-006
        1940   3.8444975895703368E-006
        1941   3.8219664214344373E-006
        1942   3.7995673007213248E-006
        1943   3.7772994515700320E-006
        1944   3.7551621070907760E-006
        1945   3.7331545004424771E-006
        1946   3.7112758722885685E-006
        1947   3.6895254678297913E-006
        1948   3.6679025332264388E-006
        1949   3.6464063236982297E-006
        1950   3.6250360953702912E-006
        1951   3.6037911089186928E-006
        1952   3.5826706316522127E-006
        1953   3.5616739336251179E-006
        1954   3.5408002894667657E-006
        1955   3.5200489785723573E-006
        1956   3.4994192820984855E-006
        1957   3.4789104898774784E-006
        1958   3.4585218919887097E-006
        1959   3.4382527834755041E-006
        1960   3.4181024647887706E-006
        1961   3.3980702392348787E-006
        1962   3.3781554153358984E-006
        1963   3.3583573055654122E-006
        1964   3.3386752245307511E-006
        1965   3.3191084923874769E-006
        1966   3.2996564342199119E-006
        1967   3.2803183775770863E-006
        1968   3.2610936524989535E-006
        1969   3.2419815985896213E-006
        1970   3.2229815526372041E-006
        1971   3.2040928588616816E-006
        1972   3.1853148639568364E-006
        1973   3.1666469199770753E-006
        1974   3.1480883816460037E-006
        1975   3.1296386099277457E-006
        1976   3.1112969628704292E-006
        1977   3.0930628113023039E-006
        1978   3.0749355216374639E-006
        1979   3.0569144705348887E-006
        1980   3.0389990338037134E-006
        1981   3.0211885923600992E-006
        1982   3.0034825316976883E-006
        1983   2.9858802397076720E-006
        1984   2.9683811081935241E-006
        1985   2.9509845325380065E-006
        1986   2.9336899110493417E-006
        1987   2.9164966468516830E-006
        1988   2.8994041472000519E-006
        1989   2.8824118191490417E-006
        1990   2.8655190783027261E-006
        1991   2.8487253385117461E-006
        1992   2.8320300211739925E-006
        1993   2.8154325474320425E-006
        1994   2.7989323461364793E-006
        1995   2.7825288459020549E-006
        1996   2.7662214813310135E-006
        1997   2.7500096879193797E-006
        1998   2.7338929060074654E-006
        1999   2.7178705783444384E-006
        2000   2.7019421513579396E-006
        2001   2.6861070752485363E-006
        2002   2.6703648017419149E-006
        2003   2.6547147881972372E-006
        2004   2.6391564946489247E-006
        2005   2.6236893817180136E-006
        2006   2.6083129153766307E-006
        2007   2.5930265645792526E-006
        2008   2.5778298025136789E-006
        2009   2.5627221029028998E-006
        2010   2.5477029433024750E-006
        2011   2.5327718046560151E-006
        2012   2.5179281731499863E-006
        2013   2.5031715343837202E-006
        2014   2.4885013787200467E-006
        2015   2.4739171996800971E-006
        2016   2.4594184924446587E-006
        2017   2.4450047565453755E-006
        2018   2.4306754952641909E-006
        2019   2.4164302110053192E-006
        2020   2.4022684143216068E-006
        2021   2.3881896143324275E-006
        2022   2.3741933243300333E-006
        2023   2.3602790615920272E-006
        2024   2.3464463453772926E-006
        2025   2.3326946966448953E-006
        2026   2.3190236427119568E-006
        2027   2.3054327085186121E-006
        2028   2.2919214264499164E-006
        2029   2.2784893290549881E-006
        2030   2.2651359519187480E-006
        2031   2.2518608352543677E-006
        2032   2.2386635178514972E-006
        2033   2.2255435444722519E-006
        2034   2.2125004629348480E-006
        2035   2.1995338212790551E-006
        2036   2.1866431731215380E-006
        2037   2.1738280722380171E-006
        2038   2.1610880758344592E-006
        2039   2.1484227437062286E-006
        2040   2.1358316384663807E-006
        2041   2.1233143254202455E-006
        2042   2.1108703710611043E-006
        2043   2.0984993460232674E-006
        2044   2.0862008227947196E-006
        2045   2.0739743778931438E-006
        2046   2.0618195869119318E-006
        2047   2.0497360300863661E-006
        2048   2.0377232911898039E-006
        2049   2.0257809536104372E-006
        2050   2.0139086059811175E-006
        2051   2.0021058381413978E-006
        2052   1.9903722422381687E-006
        2053   1.9787074118038530E-006
        2054   1.9671109446486918E-006
        2055   1.9555824402985154E-006
        2056   1.9441215003499438E-006
        2057   1.9327277275858809E-006
        2058   1.9214007304899626E-006
        2059   1.9101401170473401E-006
        2060   1.8989454973587533E-006
        2061   1.8878164851130704E-006
        2062   1.8767526960279272E-006
        2063   1.8657537478045435E-006
        2064   1.8548192601248105E-006
        2065   1.8439488560523689E-006
        2066   1.8331421583737418E-006
        2067   1.8223987958050956E-006
        2068   1.8117183941785941E-006
        2069   1.8011005882767532E-006
        2070   1.7905450091701344E-006
        2071   1.7800512913995926E-006
        2072   1.7696190742513735E-006
        2073   1.7592479960998057E-006
        2074   1.7489376985762328E-006
        2075   1.7386878263634850E-006
        2076   1.7284980253068324E-006
        2077   1.7183679418685859E-006
        2078   1.7082972276934454E-006
        2079   1.6982855340630927E-006
        2080   1.6883325150602460E-006
        2081   1.6784378279016522E-006
        2082   1.6686011287950567E-006
        2083   1.6588220789910101E-006
        2084   1.6491003412658028E-006
        2085   1.6394355780293872E-006
        2086   1.6298274568528911E-006
        2087   1.6202756453606766E-006
        2088   1.6107798133629875E-006
        2089   1.6013396335904109E-006
        2090   1.5919547777419546E-006
        2091   1.5826249241873530E-006
        2092   1.5733497492265788E-006
        2093   1.5641289333112889E-006
        2094   1.5549621554826106E-006
        2095   1.5458491014620791E-006
        2096   1.5367894563305304E-006
        2097   1.5277829060124023E-006
        2098   1.5188291384972456E-006
        2099   1.5099278472806189E-006
        2100   1.5010787233602216E-006
        2101   1.4922814597035770E-006
        2102   1.4835357539673977E-006
        2103   1.4748413035473375E-006
        2104   1.4661978086366564E-006
        2105   1.4576049689309712E-006
        2106   1.4490624898671411E-006
        2107   1.4405700741925697E-006
        2108   1.4321274296945451E-006
        2109   1.4237342635266393E-006
        2110   1.4153902883283307E-006
        2111   1.4070952130380317E-006
        2112   1.3988487519105545E-006
        2113   1.3906506203455284E-006
        2114   1.3825005351092929E-006
        2115   1.3743982145419645E-006
        2116   1.3663433791154854E-006
        2117   1.3583357492914991E-006
        2118   1.3503750498406203E-006
        2119   1.3424610053706222E-006
        2120   1.3345933409057237E-006
        2121   1.3267717869841365E-006
        2122   1.3189960720084815E-006
        2123   1.3112659269211844E-006
        2124   1.3035810855124558E-006
        2125   1.2959412828088654E-006
        2126   1.2883462535971226E-006
        2127   1.2807957355975383E-006
        2128   1.2732894701446307E-006
        2129   1.2658271940500452E-006
        2130   1.2584086522460266E-006
        2131   1.2510335885305103E-006
        2132   1.2437017470278478E-006
        2133   1.2364128735453039E-006
        2134   1.2291667190877601E-006
        2135   1.2219630305258900E-006
        2136   1.2148015604431525E-006
        2137   1.2076820613166681E-006
        2138   1.2006042860322049E-006
        2139   1.1935679923991279E-006
        2140   1.1865729351587386E-006
        2141   1.1796188730128381E-006
        2142   1.1727055656416708E-006
        2143   1.1658327758833898E-006
        2144   1.1590002645593712E-006
        2145   1.1522077956454905E-006
        2146   1.1454551346873263E-006
        2147   1.1387420487684538E-006
        2148   1.1320683064976506E-006
        2149   1.1254336760061101E-006
        2150   1.1188379276436237E-006
        2151   1.1122808361973626E-006
        2152   1.1057621722396752E-006
        2153   1.0992817123458187E-006
        2154   1.0928392321775745E-006
        2155   1.0864345085393992E-006
        2156   1.0800673205896479E-006
        2157   1.0737374480550473E-006
        2158   1.0674446726707285E-006
        2159   1.0611887768327351E-006
        2160   1.0549695444377760E-006
        2161   1.0487867616047343E-006
        2162   1.0426402133726821E-006
        2163   1.0365296879023069E-006
        2164   1.0304549732419297E-006
        2165   1.0244158609441824E-006
        2166   1.0184121411879544E-006
        2167   1.0124436063193236E-006
        2168   1.0065100517572449E-006
        2169   1.0006112717098563E-006
