           1   41.000000000000000     
           2   219.15558866484747     
           3   48.089939064882422     
           4   26.992170808831617     
           5   18.250736916192938     
           6   13.490820717708454     
           7   10.525896866315257     
           8   8.5228557634529949     
           9   7.0921967275314097     
          10   6.0280059499162668     
          11   5.2116889704449223     
          12   4.5702936308052999     
          13   4.0564746177997950     
          14   3.6381053771399978     
          15   3.2925715146068493     
          16   3.0034814089365547     
          17   2.7586840397760750     
          18   2.5490208069967086     
          19   2.3675044131263636     
          20   2.2087560332072322     
          21   2.0686056612066777     
          22   1.9438004300531126     
          23   1.8317875880730354     
          24   1.7305510239353463     
          25   1.6384872476130061     
          26   1.5543109540343891     
          27   1.4769829860756742     
          28   1.4056553364584607     
          29   1.3396291297397158     
          30   1.2783224902041053     
          31   1.2212459323355696     
          32   1.1679834702087857     
          33   1.1181780720815899     
          34   1.0715204164358079     
          35   1.0277401581964867     
          36  0.98659910633157810     
          37  0.94788586020689769     
          38  0.91141156270332957     
          39  0.87700651159792831     
          40  0.84451743358685261     
          41  0.81380527261017099     
          42  0.78474337967111840     
          43  0.75721601805155292     
          44  0.73111711792399892     
          45  0.70634922951589185     
          46  0.68282263544326238     
          47  0.66045459153272923     
          48  0.63916867208807171     
          49  0.61889420064798606     
          50  0.59956575120870936     
          51  0.58112270793388421     
          52  0.56350887375584946     
          53  0.54667212014508193     
          54  0.53056407180456466     
          55  0.51513982122254875     
          56  0.50035766895577727     
          57  0.48617888626736760     
          58  0.47256749734713538     
          59  0.45949007882778703     
          60  0.44691557470115706     
          61  0.43481512505340958     
          62  0.42316190729136366     
          63  0.41193098873589185     
          64  0.40109918962218510     
          65  0.39064495567834751     
          66  0.38054823955981776     
          67  0.37079039050233492     
          68  0.36135405162512496     
          69  0.35222306437204698     
          70  0.34338237962409401     
          71  0.33481797505454375     
          72  0.32651677832970005     
          73  0.31846659578505176     
          74  0.31065604623000659     
          75  0.30307449955477234     
          76  0.29571201983149326     
          77  0.28855931261845197     
          78  0.28160767619184129     
          79  0.27484895644426804     
          80  0.26827550520299864     
          81  0.26188014173441682     
          82  0.25565611721383807     
          83  0.24959708195226718     
          84  0.24369705518351845     
          85  0.23795039722671460     
          86  0.23235178385020552     
          87  0.22689618267366363     
          88  0.22157883145538010     
          89  0.21639521812167536     
          90  0.21134106240465733     
          91  0.20641229896367752     
          92  0.20160506187429580     
          93  0.19691567037671351     
          94  0.19234061578332612     
          95  0.18787654945229645     
          96  0.18352027174091470     
          97  0.17926872185887416     
          98  0.17511896854770900     
          99  0.17106820151825736     
         100  0.16711372358324150     
         101  0.16325294342708815     
         102  0.15948336895958029     
         103  0.15580260120429076     
         104  0.15220832867667383     
         105  0.14869832221030829     
         106  0.14527043019330946     
         107  0.14192257417994242     
         108  0.13865274484545098     
         109  0.13545899825476129     
         110  0.13233945241821024     
         111  0.12929228410972954     
         112  0.12631572592493531     
         113  0.12340806355864978     
         114  0.12056763328295070     
         115  0.11779281960865917     
         116  0.11508205311451811     
         117  0.11243380842975989     
         118  0.10984660235698948     
         119  0.10731899212343954     
         120  0.10484957374971132     
         121  0.10243698052608585     
         122  0.10007988158735263     
         123   9.7776980577860537E-002
         124   9.5527014399363439E-002
         125   9.3328752034677581E-002
         126   9.1180993441009980E-002
         127   8.9082568507218032E-002
         128   8.7032336069804372E-002
         129   8.5029182982957988E-002
         130   8.3072023238288301E-002
         131   8.1159797130388595E-002
         132   7.9291470464602373E-002
         133   7.7466033803767112E-002
         134   7.5682501750954700E-002
         135   7.3939912265540503E-002
         136   7.2237326010069228E-002
         137   7.0573825725732883E-002
         138   6.8948515634412150E-002
         139   6.7360520865358195E-002
         140   6.5808986904868916E-002
         141   6.4293079067391401E-002
         142   6.2811981986603371E-002
         143   6.1364899125210440E-002
         144   5.9951052302263705E-002
         145   5.8569681236907235E-002
         146   5.7220043107576578E-002
         147   5.5901412125726725E-002
         148   5.4613079123266385E-002
         149   5.3354351152963636E-002
         150   5.2124551101052248E-002
         151   5.0923017311483652E-002
         152   4.9749103221169051E-002
         153   4.8602177005697259E-002
         154   4.7481621235037262E-002
         155   4.6386832538720502E-002
         156   4.5317221280137425E-002
         157   4.4272211239494721E-002
         158   4.3251239305120918E-002
         159   4.2253755172734102E-002
         160   4.1279221052388487E-002
         161   4.0327111382807278E-002
         162   3.9396912552800617E-002
         163   3.8488122629548670E-002
         164   3.7600251093484534E-002
         165   3.6732818579578864E-002
         166   3.5885356624787666E-002
         167   3.5057407421492777E-002
         168   3.4248523576735947E-002
         169   3.3458267877062756E-002
         170   3.2686213058849986E-002
         171   3.1931941583899948E-002
         172   3.1195045420201472E-002
         173   3.0475125827695220E-002
         174   2.9771793148923625E-002
         175   2.9084666604394405E-002
         176   2.8413374092609342E-002
         177   2.7757551994555388E-002
         178   2.7116844982617693E-002
         179   2.6490905833767259E-002
         180   2.5879395246906904E-002
         181   2.5281981664323817E-002
         182   2.4698341097113802E-002
         183   2.4128156954487875E-002
         184   2.3571119876873541E-002
         185   2.3026927572743869E-002
         186   2.2495284659051012E-002
         187   2.1975902505210893E-002
         188   2.1468499080560696E-002
         189   2.0972798805180912E-002
         190   2.0488532404043452E-002
         191   2.0015436764403406E-002
         192   1.9553254796323645E-002
         193   1.9101735296335198E-002
         194   1.8660632814092689E-002
         195   1.8229707522022645E-002
         196   1.7808725087829508E-002
         197   1.7397456549879793E-002
         198   1.6995678195318845E-002
         199   1.6603171440928943E-002
         200   1.6219722716625758E-002
         201   1.5845123351554871E-002
         202   1.5479169462724939E-002
         203   1.5121661846133326E-002
         204   1.4772405870312807E-002
         205   1.4431211372268144E-002
         206   1.4097892555723260E-002
         207   1.3772267891660816E-002
         208   1.3454160021085501E-002
         209   1.3143395659950737E-002
         210   1.2839805506245376E-002
         211   1.2543224149134561E-002
         212   1.2253489980165235E-002
         213   1.1970445106456326E-002
         214   1.1693935265834647E-002
         215   1.1423809743891454E-002
         216   1.1159921292908716E-002
         217   1.0902126052596054E-002
         218   1.0650283472636012E-002
         219   1.0404256236955496E-002
         220   1.0163910189725223E-002
         221   9.9291142630185559E-003
         222   9.6997404061191454E-003
         223   9.4756635164075786E-003
         224   9.2567613718349904E-003
         225   9.0429145649047870E-003
         226   8.8340064381725748E-003
         227   8.6299230211883213E-003
         228   8.4305529688751477E-003
         229   8.2357875013227503E-003
         230   8.0455203449158706E-003
         231   7.8596476748393259E-003
         232   7.6780680588571472E-003
         233   7.5006824023835820E-003
         234   7.3273938948146501E-003
         235   7.1581079570551508E-003
         236   6.9927321902700824E-003
         237   6.8311763257938628E-003
         238   6.6733521761537891E-003
         239   6.5191735872647000E-003
         240   6.3685563916708599E-003
         241   6.2214183628635181E-003
         242   6.0776791706593086E-003
         243   5.9372603375760754E-003
         244   5.8000851962193983E-003
         245   5.6660788476418228E-003
         246   5.5351681206398454E-003
         247   5.4072815320137116E-003
         248   5.2823492476909151E-003
         249   5.1603030447904645E-003
         250   5.0410762745111918E-003
         251   4.9246038258976702E-003
         252   4.8108220904295503E-003
         253   4.6996689274133550E-003
         254   4.5910836301832738E-003
         255   4.4850068930630113E-003
         256   4.3813807790875139E-003
         257   4.2801486884789328E-003
         258   4.1812553278272662E-003
         259   4.0846466799887996E-003
         260   3.9902699746679369E-003
         261   3.8980736596918035E-003
         262   3.8080073729227521E-003
         263   3.7200219148268627E-003
         264   3.6340692216727997E-003
         265   3.5501023393500839E-003
         266   3.4680753977718872E-003
         267   3.3879435858895335E-003
         268   3.3096631272735459E-003
         269   3.2331912562384344E-003
         270   3.1584861945393905E-003
         271   3.0855071286066795E-003
         272   3.0142141872733837E-003
         273   2.9445684200622457E-003
         274   2.8765317759122345E-003
         275   2.8100670824659810E-003
         276   2.7451380257674436E-003
         277   2.6817091304762249E-003
         278   2.6197457404990268E-003
         279   2.5592140001056835E-003
         280   2.5000808354372038E-003
         281   2.4423139364870795E-003
         282   2.3858817394599857E-003
         283   2.3307534095356195E-003
         284   2.2768988240760833E-003
         285   2.2242885561670343E-003
         286   2.1728938585545339E-003
         287   2.1226866479743070E-003
         288   2.0736394898125134E-003
         289   2.0257255831326701E-003
         290   1.9789187460550642E-003
         291   1.9331934014565906E-003
         292   1.8885245630117795E-003
         293   1.8448878215514416E-003
         294   1.8022593317479621E-003
         295   1.7606157990788000E-003
         296   1.7199344671291700E-003
         297   1.6801931051435958E-003
         298   1.6413699959149637E-003
         299   1.6034439239046186E-003
         300   1.5663941636711147E-003
         301   1.5302004685475376E-003
         302   1.4948430595794963E-003
         303   1.4603026147426482E-003
         304   1.4265602583704022E-003
         305   1.3935975508580520E-003
         306   1.3613964785865657E-003
         307   1.3299394440916483E-003
         308   1.2992092564392960E-003
         309   1.2691891218558941E-003
         310   1.2398626345353479E-003
         311   1.2112137676946065E-003
         312   1.1832268648095329E-003
         313   1.1558866310646828E-003
         314   1.1291781250026636E-003
         315   1.1030867503649183E-003
         316   1.0775982481076635E-003
         317   1.0526986886200994E-003
         318   1.0283744641111031E-003
         319   1.0046122811864365E-003
         320   9.8139915357302820E-004
         321   9.5872239502712187E-004
         322   9.3656961241717204E-004
         323   9.1492869892552788E-004
         324   8.9378782746745735E-004
         325   8.7313544420672547E-004
         326   8.5296026224941689E-004
         327   8.3325125548267096E-004
         328   8.1399765253779355E-004
         329   7.9518893091751316E-004
         330   7.7681481124579344E-004
         331   7.5886525164421497E-004
         332   7.4133044224828954E-004
         333   7.2420079985115757E-004
         334   7.0746696266570227E-004
         335   6.9111978520408754E-004
         336   6.7515033328508531E-004
         337   6.5954987916050660E-004
         338   6.4430989672466731E-004
         339   6.2942205688266506E-004
         340   6.1487822297164952E-004
         341   6.0067044633742100E-004
         342   5.8679096198228518E-004
         343   5.7323218431743557E-004
         344   5.5998670302332331E-004
         345   5.4704727900392884E-004
         346   5.3440684041485735E-004
         347   5.2205847882448976E-004
         348   5.0999544541555412E-004
         349   4.9821114730607048E-004
         350   4.8669914395910028E-004
         351   4.7545314362993859E-004
         352   4.6446699996863949E-004
         353   4.5373470863093308E-004
         354   4.4325040401273078E-004
         355   4.3300835603411026E-004
         356   4.2300296702050237E-004
         357   4.1322876863021462E-004
         358   4.0368041887511440E-004
         359   3.9435269920234082E-004
         360   3.8524051163639906E-004
         361   3.7633887599080674E-004
         362   3.6764292715954570E-004
         363   3.5914791244273875E-004
         364   3.5084918896359903E-004
         365   3.4274222111786565E-004
         366   3.3482257810422977E-004
         367   3.2708593150176783E-004
         368   3.1952805290213056E-004
         369   3.1214481159823603E-004
         370   3.0493217232507435E-004
         371   2.9788619306221652E-004
         372   2.9100302287470053E-004
         373   2.8427889980510922E-004
         374   2.7771014881805176E-004
         375   2.7129317980463568E-004
         376   2.6502448560120176E-004
         377   2.5890064008787366E-004
         378   2.5291829630253636E-004
         379   2.4707418462168373E-004
         380   2.4136511097783890E-004
         381   2.3578795509977802E-004
         382   2.3033966881303905E-004
         383   2.2501727438157927E-004
         384   2.1981786287194856E-004
         385   2.1473859256322959E-004
         386   2.0977668739843779E-004
         387   2.0492943546635380E-004
         388   2.0019418751553896E-004
         389   1.9556835551185744E-004
         390   1.9104941122086318E-004
         391   1.8663488482987991E-004
         392   1.8232236358715385E-004
         393   1.7810949049567798E-004
         394   1.7399396302420183E-004
         395   1.6997353183683308E-004
         396   1.6604599958041402E-004
         397   1.6220921967125598E-004
         398   1.5846109512047572E-004
         399   1.5479957740630875E-004
         400   1.5122266532618920E-004
         401   1.4772840392865530E-004
         402   1.4431488343065777E-004
         403   1.4098023817905124E-004
         404   1.3772264563069182E-004
         405   1.3454032534970036E-004
         406   1.3143153804659517E-004
         407   1.2839458461775405E-004
         408   1.2542780522119496E-004
         409   1.2252957836231791E-004
         410   1.1969832002817054E-004
         411   1.1693248279011947E-004
         412   1.1423055498692135E-004
         413   1.1159105987918880E-004
         414   1.0901255485760908E-004
         415   1.0649363063945567E-004
         416   1.0403291051222018E-004
         417   1.0162904956966665E-004
         418   9.9280733982088905E-005
         419   9.6986680283005190E-005
         420   9.4745634654996906E-005
         421   9.2556372258277900E-005
         422   9.0417696553218843E-005
         423   8.8328438648531125E-005
         424   8.6287456658385269E-005
         425   8.4293635087316464E-005
         426   8.2345884213429958E-005
         427   8.0443139493148439E-005
         428   7.8584360983504446E-005
         429   7.6768532769162386E-005
         430   7.4994662409566903E-005
         431   7.3261780397789470E-005
         432   7.1568939623112895E-005
         433   6.9915214871562380E-005
         434   6.8299702295378202E-005
         435   6.6721518937775903E-005
         436   6.5179802239813189E-005
         437   6.3673709580805137E-005
         438   6.2202417802725181E-005
         439   6.0765122776598626E-005
         440   5.9361038942496224E-005
         441   5.7989398902917388E-005
         442   5.6649452983056934E-005
         443   5.5340468840809209E-005
         444   5.4061731048864703E-005
         445   5.2812540713986778E-005
         446   5.1592215089570934E-005
         447   5.0400087206773424E-005
         448   4.9235505508482708E-005
         449   4.8097833494851145E-005
         450   4.6986449367941912E-005
         451   4.5900745701948444E-005
         452   4.4840129103247621E-005
         453   4.3804019893419231E-005
         454   4.2791851788925666E-005
         455   4.1803071587645113E-005
         456   4.0837138868066340E-005
         457   3.9893525705978050E-005
         458   3.8971716364482189E-005
         459   3.8071207033012684E-005
         460   3.7191505529544871E-005
         461   3.6332131062277137E-005
         462   3.5492613936151894E-005
         463   3.4672495312608165E-005
         464   3.3871326953977769E-005
         465   3.3088670982439456E-005
         466   3.2324099641268432E-005
         467   3.1577195051207037E-005
         468   3.0847548989864952E-005
         469   3.0134762667485497E-005
         470   2.9438446514223065E-005
         471   2.8758219957132784E-005
         472   2.8093711215165588E-005
         473   2.7444557108053405E-005
         474   2.6810402834206136E-005
         475   2.6190901797295687E-005
         476   2.5585715412562964E-005
         477   2.4994512908515066E-005
         478   2.4416971171724842E-005
         479   2.3852774535078413E-005
         480   2.3301614644614945E-005
         481   2.2763190267162955E-005
         482   2.2237207120324381E-005
         483   2.1723377727423936E-005
         484   2.1221421258724375E-005
         485   2.0731063368287412E-005
         486   2.0252036047485633E-005
         487   1.9784077489197759E-005
         488   1.9326931924924106E-005
         489   1.8880349509892232E-005
         490   1.8444086156029686E-005
         491   1.8017903424662645E-005
         492   1.7601568388367747E-005
         493   1.7194853500697650E-005
         494   1.6797536463215642E-005
         495   1.6409400131303103E-005
         496   1.6030232363823343E-005
         497   1.5659825928450805E-005
         498   1.5297978378098087E-005
         499   1.4944491944390878E-005
         500   1.4599173434449330E-005
         501   1.4261834104966279E-005
         502   1.3932289588215315E-005
         503   1.3610359773112233E-005
         504   1.3295868706701546E-005
         505   1.2988644504280545E-005
         506   1.2688519249483471E-005
         507   1.2395328915277946E-005
         508   1.2108913253069225E-005
         509   1.1829115721518537E-005
         510   1.1555783400958379E-005
         511   1.1288766897325772E-005
         512   1.1027920278351899E-005
         513   1.0773100971924039E-005
         514   1.0524169710144630E-005
         515   1.0280990439278210E-005
         516   1.0043430250751522E-005
         517   9.8113593000965431E-006
         518   9.5846507541988594E-006
         519   9.3631807047133846E-006
         520   9.1468281065669059E-006
         521   8.9354747122682384E-006
         522   8.7290050064159164E-006
         523   8.5273061416956409E-006
         524   8.3302678793598414E-006
         525   8.1377825299894665E-006
         526   7.9497448920185112E-006
         527   7.7660521889721972E-006
         528   7.5866040270677006E-006
         529   7.4113023263275958E-006
         530   7.2400512784315438E-006
         531   7.0727572793705557E-006
         532   6.9093289048272504E-006
         533   6.7496768248926022E-006
         534   6.5937137854880201E-006
         535   6.4413545444905787E-006
         536   6.2925158262918239E-006
         537   6.1471162888458265E-006
         538   6.0050764589858975E-006
         539   5.8663187079616639E-006
         540   5.7307671970722296E-006
         541   5.5983478386070773E-006
         542   5.4689882579866372E-006
         543   5.3426177599796445E-006
         544   5.2191672697878640E-006
         545   5.0985693183294387E-006
         546   4.9807579923599686E-006
         547   4.8656689024663746E-006
         548   4.7532391493214559E-006
         549   4.6434072791504535E-006
         550   4.5361132676456234E-006
         551   4.4312984691217175E-006
         552   4.3289055974155417E-006
         553   4.2288786932282042E-006
         554   4.1311630853498654E-006
         555   4.0357053678720211E-006
         556   3.9424533660419472E-006
         557   3.8513561131443213E-006
         558   3.7623638210489641E-006
         559   3.6754278516223023E-006
         560   3.5905006880613118E-006
         561   3.5075359162696243E-006
         562   3.4264881888874056E-006
         563   3.3473132102368668E-006
         564   3.2699677075441377E-006
         565   3.1944094091969648E-006
         566   3.1205970140350610E-006
         567   3.0484901839961190E-006
         568   2.9780495077819730E-006
         569   2.9092364864011167E-006
         570   2.8420135100109913E-006
         571   2.7763438373556116E-006
         572   2.7121915792668943E-006
         573   2.6495216668487336E-006
         574   2.5882998521829262E-006
         575   2.5284926776609115E-006
         576   2.4700674474443556E-006
         577   2.4129922380168551E-006
         578   2.3572358492650569E-006
         579   2.3027678088174058E-006
         580   2.2495583470100418E-006
         581   2.1975783839757840E-006
         582   2.1467995055662184E-006
         583   2.0971939660056069E-006
         584   2.0487346443367670E-006
         585   2.0013950610805115E-006
         586   1.9551493435852139E-006
         587   1.9099722122000594E-006
         588   1.8658389772946589E-006
         589   1.8227255169904015E-006
         590   1.7806082692112375E-006
         591   1.7394642117340260E-006
         592   1.6992708635327249E-006
         593   1.6600062502293465E-006
         594   1.6216489142717689E-006
         595   1.5841778902828887E-006
         596   1.5475727005389398E-006
         597   1.5118133367284631E-006
         598   1.4768802573328541E-006
         599   1.4427543664627598E-006
         600   1.4094170137114865E-006
         601   1.3768499777714260E-006
         602   1.3450354600577851E-006
         603   1.3139560735222878E-006
         604   1.2835948299453058E-006
         605   1.2539351347149392E-006
         606   1.2249607789653954E-006
         607   1.1966559278204338E-006
         608   1.1690051071517832E-006
         609   1.1419932089910825E-006
         610   1.1156054659565331E-006
         611   1.0898274583371737E-006
         612   1.0646450968177680E-006
         613   1.0400446178930247E-006
         614   1.0160125754775117E-006
