           1   81.000000000000000     
           2   337.03249797391544     
           3   86.706002959122387     
           4   54.105955988935932     
           5   39.253989063267674     
           6   30.609391135786595     
           7   24.932514404250963     
           8   20.919664069884593     
           9   17.936430993196815     
          10   15.635255196295065     
          11   13.809277377701031     
          12   12.327523432352463     
          13   11.102976023485585     
          14   10.075545674915666     
          15   9.2024011789257276     
          16   8.4521925115047605     
          17   7.8014507168579614     
          18   7.2322632031913239     
          19   6.7307262340445559     
          20   6.2858872795297565     
          21   5.8890053041248853     
          22   5.5330227749816956     
          23   5.2121818958047808     
          24   4.9217410937759061     
          25   4.6577624677813132     
          26   4.4169502929600348     
          27   4.1965268103620499     
          28   3.9941356181276131     
          29   3.8077657535484466     
          30   3.6356914671092118     
          31   3.4764240271193487     
          32   3.3286728419421188     
          33   3.1913138676263788     
          34   3.0633637630223371     
          35   2.9439586171195211     
          36   2.8323363420785661     
          37   2.7278220264454727     
          38   2.6298156947647731     
          39   2.5377820353399256     
          40   2.4512417466147260     
          41   2.3697642213624608     
          42   2.2929613415221173     
          43   2.2204821987526620     
          44   2.1520085892788772     
          45   2.0872511583810129     
          46   2.0259460914398391     
          47   1.9678522659242108     
          48   1.9127487929641802     
          49   1.8604328888494834     
          50   1.8107180264424962     
          51   1.7634323244911785     
          52   1.7184171394829977     
          53   1.6755258302390887     
          54   1.6346226701041524     
          55   1.5955818854975203     
          56   1.5582868028802892     
          57   1.5226290889648981     
          58   1.4885080713305270     
          59   1.4558301285798361     
          60   1.4245081408364813     
          61   1.3944609927870677     
          62   1.3656131226555484     
          63   1.3378941114961396     
          64   1.3112383080317607     
          65   1.2855844849724309     
          66   1.2608755233429567     
          67   1.2370581218492189     
          68   1.2140825287314665     
          69   1.1919022939057016     
          70   1.1704740394889972     
          71   1.1497572470526216     
          72   1.1297140601549081     
          73   1.1103091008803252     
          74   1.0915092992587312     
          75   1.0732837345627106     
          76   1.0556034875862434     
          77   1.0384415030973699     
          78   1.0217724617338957     
          79   1.0055726606768765     
          80  0.98981990249352780     
          81  0.97449339159057391     
          82  0.95957363776258287     
          83  0.94504236635842775     
          84  0.93088243462298370     
          85  0.91707775380249734     
          86  0.90361321662952543     
          87  0.89047462982918002     
          88  0.87764865131158232     
          89  0.86512273173716758     
          90  0.85288506016140408     
          91  0.84092451348413189     
          92  0.82923060944620763     
          93  0.81779346293240429     
          94  0.80660374535480373     
          95  0.79565264690537119     
          96  0.78493184147987383     
          97  0.77443345408811948     
          98  0.76415003057737951     
          99  0.75407450950736088     
         100  0.74420019602548593     
         101  0.73452073760148384     
         102  0.72503010148956726     
         103  0.71572255379546290     
         104  0.70659264003366329     
         105  0.69763516706842366     
         106  0.68884518633904046     
         107  0.68021797827699049     
         108  0.67174903782893303     
         109  0.66343406100553926     
         110  0.65526893238186446     
         111  0.64724971348009352     
         112  0.63937263197058236     
         113  0.63163407163152341     
         114  0.62403056301203819     
         115  0.61655877474733889     
         116  0.60921550547838932     
         117  0.60199767633192403     
         118  0.59490232391993736     
         119  0.58792659382074675     
         120  0.58106773450643090     
         121  0.57432309168415341     
         122  0.56769010302121348     
         123  0.56116629322585931     
         124  0.55474926945803449     
         125  0.54843671704611596     
         126  0.54222639548747886     
         127  0.53611613471227104     
         128  0.53010383159158969     
         129  0.52418744667225492     
         130  0.51836500112204675     
         131  0.51263457387028577     
         132  0.50699429892977210     
         133  0.50144236288726862     
         134  0.49597700255042665     
         135  0.49059650274023764     
         136  0.48529919421864492     
         137  0.48008345174191336     
         138  0.47494769223088823     
         139  0.46989037305011111     
         140  0.46490999038811193     
         141  0.46000507773206828     
         142  0.45517420443019058     
         143  0.45041597433598191     
         144  0.44572902452870905     
         145  0.44111202410499145     
         146  0.43656367303673693     
         147  0.43208270109091529     
         148  0.42766786680719288     
         149  0.42331795652948634     
         150  0.41903178348795966     
         151  0.41480818692818944     
         152  0.41064603128441102     
         153  0.40654420539400415     
         154  0.40250162175065213     
         155  0.39851721579363714     
         156  0.39458994523105645     
         157  0.39071878939484100     
         158  0.38690274862552293     
         159  0.38314084368507556     
         160  0.37943211519595466     
         161  0.37577562310484680     
         162  0.37217044616962747     
         163  0.36861568146813090     
         164  0.36511044392745329     
         165  0.36165386587258641     
         166  0.35824509659326592     
         167  0.35488330192797657     
         168  0.35156766386415927     
         169  0.34829738015367417     
         170  0.34507166394269179     
         171  0.34188974341522116     
         172  0.33875086144949440     
         173  0.33565427528653458     
         174  0.33259925621025482     
         175  0.32958508923849306     
         176  0.32661107282432722     
         177  0.32367651856725704     
         178  0.32078075093365166     
         179  0.31792310698602971     
         180  0.31510293612073392     
         181  0.31231959981356539     
         182  0.30957247137299132     
         183  0.30686093570058026     
         184  0.30418438905829803     
         185  0.30154223884233711     
         186  0.29893390336320330     
         187  0.29635881163174466     
         188  0.29381640315085772     
         189  0.29130612771265096     
         190  0.28882744520077558     
         191  0.28637982539772616     
         192  0.28396274779691710     
         193  0.28157570141929367     
         194  0.27921818463433712     
         195  0.27688970498522930     
         196  0.27458977901807607     
         197  0.27231793211498201     
         198  0.27007369833084466     
         199  0.26785662023372520     
         200  0.26566624874869177     
         201  0.26350214300494496     
         202  0.26136387018617291     
         203  0.25925100538399176     
         204  0.25716313145437197     
         205  0.25509983887695703     
         206  0.25306072561716014     
         207  0.25104539699097156     
         208  0.24905346553239788     
         209  0.24708455086340686     
         210  0.24513827956636194     
         211  0.24321428505883616     
         212  0.24131220747074747     
         213  0.23943169352373936     
         214  0.23757239641279512     
         215  0.23573397568993029     
         216  0.23391609715000877     
         217  0.23211843271857713     
         218  0.23034066034167691     
         219  0.22858246387757217     
         220  0.22684353299038101     
         221  0.22512356304553868     
         222  0.22342225500705787     
         223  0.22173931533656180     
         224  0.22007445589400865     
         225  0.21842739384014367     
         226  0.21679785154057249     
         227  0.21518555647144988     
         228  0.21359024112678199     
         229  0.21201164292725425     
         230  0.21044950413060481     
         231  0.20890357174348437     
         232  0.20737359743478939     
         233  0.20585933745045404     
         234  0.20436055252962843     
         235  0.20287700782229501     
         236  0.20140847280821736     
         237  0.19995472121725416     
         238  0.19851553095101795     
         239  0.19709068400579305     
         240  0.19567996639679766     
         241  0.19428316808364157     
         242  0.19290008289709906     
         243  0.19153050846705386     
         244  0.19017424615167933     
         245  0.18883110096779029     
         246  0.18750088152238387     
         247  0.18618339994531877     
         248  0.18487847182313977     
         249  0.18358591613402028     
         250  0.18230555518379990     
         251  0.18103721454313867     
         252  0.17978072298569767     
         253  0.17853591242742256     
         254  0.17730261786684434     
         255  0.17608067732639718     
         256  0.17486993179477936     
         257  0.17367022517029676     
         258  0.17248140420517299     
         259  0.17130331845085428     
         260  0.17013582020426074     
         261  0.16897876445498930     
         262  0.16783200883340682     
         263  0.16669541355971795     
         264  0.16556884139389430     
         265  0.16445215758649342     
         266  0.16334522983039276     
         267  0.16224792821331765     
         268  0.16116012517129824     
         269  0.16008169544290768     
         270  0.15901251602435731     
         271  0.15795246612539734     
         272  0.15690142712600416     
         273  0.15585928253389345     
         274  0.15482591794277933     
         275  0.15380122099141535     
         276  0.15278508132337787     
         277  0.15177739054762204     
         278  0.15077804219973345     
         279  0.14978693170392585     
         280  0.14880395633573368     
         281  0.14782901518543173     
         282  0.14686200912209568     
         283  0.14590284075838411     
         284  0.14495141441596404     
         285  0.14400763609159545     
         286  0.14307141342387372     
         287  0.14214265566058840     
         288  0.14122127362672202     
         289  0.14030717969305281     
         290  0.13940028774536375     
         291  0.13850051315426601     
         292  0.13760777274557379     
         293  0.13672198477128175     
         294  0.13584306888108910     
         295  0.13497094609450369     
         296  0.13410553877346296     
         297  0.13324677059551029     
         298  0.13239456652750398     
         299  0.13154885279983375     
         300  0.13070955688114519     
         301  0.12987660745358987     
         302  0.12904993438852344     
         303  0.12822946872274013     
         304  0.12741514263514372     
         305  0.12660688942389414     
         306  0.12580464348403811     
         307  0.12500834028554747     
         308  0.12421791635182776     
         309  0.12343330923866669     
         310  0.12265445751358321     
         311  0.12188130073561405     
         312  0.12111377943551484     
         313  0.12035183509634945     
         314  0.11959541013447757     
         315  0.11884444788095261     
         316  0.11809889256326880     
         317  0.11735868928750677     
         318  0.11662378402083889     
         319  0.11589412357438256     
         320  0.11516965558643340     
         321  0.11445032850602292     
         322  0.11373609157682110     
         323  0.11302689482138466     
         324  0.11232268902571077     
         325  0.11162342572412695     
         326  0.11092905718450059     
         327  0.11023953639374344     
         328  0.10955481704361973     
         329  0.10887485351685597     
         330  0.10819960087354955     
         331  0.10752901483784459     
         332  0.10686305178489892     
         333  0.10620166872811307     
         334  0.10554482330665001     
         335  0.10489247377320297     
         336  0.10424457898200409     
         337  0.10360109837712836     
         338  0.10296199198099622     
         339  0.10232722038316701     
         340  0.10169674472932476     
         341  0.10107052671052431     
         342  0.10044852855266140     
         343   9.9830713006163696E-002
         344   9.9217043335889224E-002
         345   9.8607483311265939E-002
         346   9.8001997196606974E-002
         347   9.7400549741666259E-002
         348   9.6803106172363373E-002
         349   9.6209632181726942E-002
         350   9.5620093921024593E-002
         351   9.5034457991081192E-002
         352   9.4452691433781363E-002
         353   9.3874761723750616E-002
         354   9.3300636760223779E-002
         355   9.2730284859073003E-002
         356   9.2163674745017340E-002
         357   9.1600775544000007E-002
         358   9.1041556775704441E-002
         359   9.0485988346265200E-002
         360   8.9934040541109081E-002
         361   8.9385684017966746E-002
         362   8.8840889800004680E-002
         363   8.8299629269144045E-002
         364   8.7761874159489439E-002
         365   8.7227596550914582E-002
         366   8.6696768862773915E-002
         367   8.6169363847759889E-002
         368   8.5645354585889066E-002
         369   8.5124714478598554E-002
         370   8.4607417243006425E-002
         371   8.4093436906245503E-002
         372   8.3582747799960902E-002
         373   8.3075324554897995E-002
         374   8.2571142095630587E-002
         375   8.2070175635359413E-002
         376   8.1572400670871695E-002
         377   8.1077792977568175E-002
         378   8.0586328604618659E-002
         379   8.0097983870213954E-002
         380   7.9612735356914974E-002
         381   7.9130559907095777E-002
         382   7.8651434618514399E-002
         383   7.8175336839914678E-002
         384   7.7702244166803200E-002
         385   7.7232134437240460E-002
         386   7.6764985727768728E-002
         387   7.6300776349402355E-002
         388   7.5839484843713598E-002
         389   7.5381089978998728E-002
         390   7.4925570746521147E-002
         391   7.4472906356837495E-002
         392   7.4023076236197818E-002
         393   7.3576060023018877E-002
         394   7.3131837564446051E-002
         395   7.2690388912960494E-002
         396   7.2251694323086937E-002
         397   7.1815734248156154E-002
         398   7.1382489337114982E-002
         399   7.0951940431445384E-002
         400   7.0524068562114739E-002
         401   7.0098854946599856E-002
         402   6.9676280985968203E-002
         403   6.9256328262029751E-002
         404   6.8838978534537090E-002
         405   6.8424213738452630E-002
         406   6.8012015981252560E-002
         407   6.7602367540320021E-002
         408   6.7195250860355285E-002
         409   6.6790648550862378E-002
         410   6.6388543383679541E-002
         411   6.5988918290566995E-002
         412   6.5591756360816975E-002
         413   6.5197040838959899E-002
         414   6.4804755122466806E-002
         415   6.4414882759538800E-002
         416   6.4027407446907575E-002
         417   6.3642313027709091E-002
         418   6.3259583489378240E-002
         419   6.2879202961599948E-002
         420   6.2501155714290088E-002
         421   6.2125426155630749E-002
         422   6.1751998830125145E-002
         423   6.1380858416709393E-002
         424   6.1011989726895345E-002
         425   6.0645377702938305E-002
         426   6.0281007416063952E-002
         427   5.9918864064713209E-002
         428   5.9558932972820867E-002
         429   5.9201199588143467E-002
         430   5.8845649480594946E-002
         431   5.8492268340634486E-002
         432   5.8141041977690579E-002
         433   5.7791956318586378E-002
         434   5.7444997406024746E-002
         435   5.7100151397092895E-002
         436   5.6757404561777546E-002
         437   5.6416743281552939E-002
         438   5.6078154047935140E-002
         439   5.5741623461119265E-002
         440   5.5407138228612013E-002
         441   5.5074685163893619E-002
         442   5.4744251185115604E-002
         443   5.4415823313796415E-002
         444   5.4089388673596396E-002
         445   5.3764934489038671E-002
         446   5.3442448084320068E-002
         447   5.3121916882115199E-002
         448   5.2803328402390486E-002
         449   5.2486670261280018E-002
         450   5.2171930169929846E-002
         451   5.1859095933406082E-002
         452   5.1548155449605601E-002
         453   5.1239096708179332E-002
         454   5.0931907789492158E-002
         455   5.0626576863587076E-002
         456   5.0323092189167140E-002
         457   5.0021442112615395E-002
         458   4.9721615066998300E-002
         459   4.9423599571127338E-002
         460   4.9127384228598393E-002
         461   4.8832957726868610E-002
         462   4.8540308836346878E-002
         463   4.8249426409506802E-002
         464   4.7960299379991682E-002
         465   4.7672916761753358E-002
         466   4.7387267648213001E-002
         467   4.7103341211414990E-002
         468   4.6821126701204099E-002
         469   4.6540613444421709E-002
         470   4.6261790844105588E-002
         471   4.5984648378719670E-002
         472   4.5709175601370299E-002
         473   4.5435362139058681E-002
         474   4.5163197691933762E-002
         475   4.4892672032570420E-002
         476   4.4623775005233776E-002
         477   4.4356496525176516E-002
         478   4.4090826577943609E-002
         479   4.3826755218693066E-002
         480   4.3564272571504407E-002
         481   4.3303368828725416E-002
         482   4.3044034250317352E-002
         483   4.2786259163203402E-002
         484   4.2530033960643532E-002
         485   4.2275349101607129E-002
         486   4.2022195110150082E-002
         487   4.1770562574821590E-002
         488   4.1520442148064600E-002
         489   4.1271824545615086E-002
         490   4.1024700545940651E-002
         491   4.0779060989661296E-002
         492   4.0534896778991213E-002
         493   4.0292198877184930E-002
         494   4.0050958307983248E-002
         495   3.9811166155085571E-002
         496   3.9572813561618188E-002
         497   3.9335891729614006E-002
         498   3.9100391919483411E-002
         499   3.8866305449531464E-002
         500   3.8633623695431087E-002
         501   3.8402338089743859E-002
         502   3.8172440121438667E-002
         503   3.7943921335395460E-002
         504   3.7716773331940262E-002
         505   3.7490987766386936E-002
         506   3.7266556348556863E-002
         507   3.7043470842341969E-002
         508   3.6821723065240397E-002
         509   3.6601304887939723E-002
         510   3.6382208233844311E-002
         511   3.6164425078675413E-002
         512   3.5947947450024199E-002
         513   3.5732767426950654E-002
         514   3.5518877139555934E-002
         515   3.5306268768572562E-002
         516   3.5094934544969481E-002
         517   3.4884866749542609E-002
         518   3.4676057712535069E-002
         519   3.4468499813223807E-002
         520   3.4262185479566006E-002
         521   3.4057107187793957E-002
         522   3.3853257462050299E-002
         523   3.3650628874022898E-002
         524   3.3449214042564457E-002
         525   3.3249005633344514E-002
         526   3.3049996358484317E-002
         527   3.2852178976204918E-002
         528   3.2655546290478447E-002
         529   3.2460091150687098E-002
         530   3.2265806451272007E-002
         531   3.2072685131406153E-002
         532   3.1880720174654889E-002
         533   3.1689904608647609E-002
         534   3.1500231504755005E-002
         535   3.1311693977762456E-002
         536   3.1124285185552603E-002
         537   3.0937998328792019E-002
         538   3.0752826650613657E-002
         539   3.0568763436318546E-002
         540   3.0385802013057590E-002
         541   3.0203935749541853E-002
         542   3.0023158055736809E-002
         543   2.9843462382569623E-002
         544   2.9664842221633174E-002
         545   2.9487291104901642E-002
         546   2.9310802604442826E-002
         547   2.9135370332126573E-002
         548   2.8960987939364996E-002
         549   2.8787649116806771E-002
         550   2.8615347594082446E-002
         551   2.8444077139528550E-002
         552   2.8273831559909798E-002
         553   2.8104604700170500E-002
         554   2.7936390443141404E-002
         555   2.7769182709309514E-002
         556   2.7602975456536994E-002
         557   2.7437762679811351E-002
         558   2.7273538410998492E-002
         559   2.7110296718579077E-002
         560   2.6948031707408223E-002
         561   2.6786737518464339E-002
         562   2.6626408328602975E-002
         563   2.6467038350320139E-002
         564   2.6308621831506944E-002
         565   2.6151153055212848E-002
         566   2.5994626339411891E-002
         567   2.5839036036767602E-002
         568   2.5684376534399502E-002
         569   2.5530642253662521E-002
         570   2.5377827649903734E-002
         571   2.5225927212249862E-002
         572   2.5074935463381881E-002
         573   2.4924846959308661E-002
         574   2.4775656289152632E-002
         575   2.4627358074929422E-002
         576   2.4479946971329568E-002
         577   2.4333417665514379E-002
         578   2.4187764876889579E-002
         579   2.4042983356909898E-002
         580   2.3899067888855024E-002
         581   2.3756013287636407E-002
         582   2.3613814399589400E-002
         583   2.3472466102259396E-002
         584   2.3331963304215646E-002
         585   2.3192300944836434E-002
         586   2.3053473994123105E-002
         587   2.2915477452497127E-002
         588   2.2778306350605064E-002
         589   2.2641955749122172E-002
         590   2.2506420738573295E-002
         591   2.2371696439122256E-002
         592   2.2237778000400565E-002
         593   2.2104660601308349E-002
         594   2.1972339449835582E-002
         595   2.1840809782869217E-002
         596   2.1710066866025380E-002
         597   2.1580105993446171E-002
         598   2.1450922487637230E-002
         599   2.1322511699280292E-002
         600   2.1194869007058702E-002
         601   2.1067989817479198E-002
         602   2.0941869564693297E-002
         603   2.0816503710332161E-002
         604   2.0691887743332391E-002
         605   2.0568017179756964E-002
         606   2.0444887562634087E-002
         607   2.0322494461787077E-002
         608   2.0200833473661289E-002
         609   2.0079900221167818E-002
         610   1.9959690353509446E-002
         611   1.9840199546023164E-002
         612   1.9721423500014709E-002
         613   1.9603357942600669E-002
         614   1.9485998626542322E-002
         615   1.9369341330087879E-002
         616   1.9253381856829146E-002
         617   1.9138116035518203E-002
         618   1.9023539719934111E-002
         619   1.8909648788726065E-002
         620   1.8796439145242785E-002
         621   1.8683906717396420E-002
         622   1.8572047457516620E-002
         623   1.8460857342175813E-002
         624   1.8350332372067901E-002
         625   1.8240468571840501E-002
         626   1.8131261989958705E-002
         627   1.8022708698554154E-002
         628   1.7914804793279268E-002
         629   1.7807546393166888E-002
         630   1.7700929640485502E-002
         631   1.7594950700599136E-002
         632   1.7489605761817888E-002
         633   1.7384891035272947E-002
         634   1.7280802754765193E-002
         635   1.7177337176625507E-002
         636   1.7074490579590595E-002
         637   1.6972259264652866E-002
         638   1.6870639554928173E-002
         639   1.6769627795535091E-002
         640   1.6669220353435849E-002
         641   1.6569413617326459E-002
         642   1.6470203997495662E-002
         643   1.6371587925685823E-002
         644   1.6273561854978229E-002
         645   1.6176122259656190E-002
         646   1.6079265635075283E-002
         647   1.5982988497534389E-002
         648   1.5887287384160058E-002
         649   1.5792158852763402E-002
         650   1.5697599481727911E-002
         651   1.5603605869880402E-002
         652   1.5510174636370066E-002
         653   1.5417302420544409E-002
         654   1.5324985881821733E-002
         655   1.5233221699578123E-002
         656   1.5142006573028045E-002
         657   1.5051337221091057E-002
         658   1.4961210382290979E-002
         659   1.4871622814627549E-002
         660   1.4782571295463721E-002
         661   1.4694052621398538E-002
         662   1.4606063608167177E-002
         663   1.4518601090514383E-002
         664   1.4431661922081803E-002
         665   1.4345242975303941E-002
         666   1.4259341141280451E-002
         667   1.4173953329672025E-002
         668   1.4089076468592266E-002
         669   1.4004707504488588E-002
         670   1.3920843402036011E-002
         671   1.3837481144032562E-002
         672   1.3754617731277879E-002
         673   1.3672250182482601E-002
         674   1.3590375534144827E-002
         675   1.3508990840455705E-002
         676   1.3428093173184573E-002
         677   1.3347679621575254E-002
         678   1.3267747292249513E-002
         679   1.3188293309088975E-002
         680   1.3109314813144266E-002
         681   1.3030808962530588E-002
         682   1.2952772932313089E-002
         683   1.2875203914423898E-002
         684   1.2798099117549229E-002
         685   1.2721455767025373E-002
         686   1.2645271104759766E-002
         687   1.2569542389103915E-002
         688   1.2494266894774616E-002
         689   1.2419441912756120E-002
         690   1.2345064750189738E-002
         691   1.2271132730283922E-002
         692   1.2197643192228659E-002
         693   1.2124593491080677E-002
         694   1.2051980997685266E-002
         695   1.1979803098574217E-002
         696   1.1908057195867282E-002
         697   1.1836740707192702E-002
         698   1.1765851065588508E-002
         699   1.1695385719397535E-002
         700   1.1625342132200364E-002
         701   1.1555717782702521E-002
         702   1.1486510164661300E-002
         703   1.1417716786781535E-002
         704   1.1349335172635195E-002
         705   1.1281362860573239E-002
         706   1.1213797403631617E-002
         707   1.1146636369444728E-002
         708   1.1079877340164477E-002
         709   1.1013517912371157E-002
         710   1.0947555696981366E-002
         711   1.0881988319169363E-002
         712   1.0816813418276335E-002
         713   1.0752028647736804E-002
         714   1.0687631674979872E-002
         715   1.0623620181358795E-002
         716   1.0559991862057798E-002
         717   1.0496744426021741E-002
         718   1.0433875595855489E-002
         719   1.0371383107761227E-002
         720   1.0309264711454160E-002
         721   1.0247518170063004E-002
         722   1.0186141260080217E-002
         723   1.0125131771261306E-002
         724   1.0064487506544947E-002
         725   1.0004206281999018E-002
         726   9.9442859267030257E-003
         727   9.8847242827077002E-003
         728   9.8255192049333112E-003
         729   9.7666685611058034E-003
         730   9.7081702316764371E-003
         731   9.6500221097452158E-003
         732   9.5922221009869923E-003
         733   9.5347681235761171E-003
         734   9.4776581081133047E-003
         735   9.4208899975487051E-003
         736   9.3644617471093840E-003
         737   9.3083713242266535E-003
         738   9.2526167084670333E-003
         739   9.1971958914553835E-003
         740   9.1421068768038332E-003
         741   9.0873476800374057E-003
         742   9.0329163285307219E-003
         743   8.9788108614370990E-003
         744   8.9250293296045825E-003
         745   8.8715697955231484E-003
         746   8.8184303332510955E-003
         747   8.7656090283362281E-003
         748   8.7131039777611531E-003
         749   8.6609132898676552E-003
         750   8.6090350842895486E-003
         751   8.5574674918833041E-003
         752   8.5062086546760212E-003
         753   8.4552567257698708E-003
         754   8.4046098693104747E-003
         755   8.3542662603929407E-003
         756   8.3042240850120935E-003
         757   8.2544815399933323E-003
         758   8.2050368329284785E-003
         759   8.1558881821156577E-003
         760   8.1070338164775987E-003
         761   8.0584719755314432E-003
         762   8.0102009092897636E-003
         763   7.9622188782271161E-003
         764   7.9145241531978442E-003
         765   7.8671150153848748E-003
         766   7.8199897562331293E-003
         767   7.7731466773959873E-003
         768   7.7265840906614053E-003
         769   7.6803003179050167E-003
         770   7.6342936910243414E-003
         771   7.5885625518733206E-003
         772   7.5431052522182780E-003
         773   7.4979201536579066E-003
         774   7.4530056275880748E-003
         775   7.4083600551212696E-003
         776   7.3639818270469660E-003
         777   7.3198693437618338E-003
         778   7.2760210152176289E-003
         779   7.2324352608693788E-003
         780   7.1891105096015956E-003
         781   7.1460451996930409E-003
         782   7.1032377787470452E-003
         783   7.0606867036443139E-003
         784   7.0183904404783701E-003
         785   6.9763474645095479E-003
         786   6.9345562601038661E-003
         787   6.8930153206829920E-003
         788   6.8517231486707186E-003
         789   6.8106782554359282E-003
         790   6.7698791612440653E-003
         791   6.7293243951968632E-003
         792   6.6890124951857824E-003
         793   6.6489420078340760E-003
         794   6.6091114884612575E-003
         795   6.5695195010016692E-003
         796   6.5301646179848263E-003
         797   6.4910454204569973E-003
         798   6.4521604979532101E-003
         799   6.4135084484298966E-003
         800   6.3750878782231719E-003
         801   6.3368974020026579E-003
         802   6.2989356427040474E-003
         803   6.2612012315080151E-003
         804   6.2236928077567394E-003
         805   6.1864090189363823E-003
         806   6.1493485206168654E-003
         807   6.1125099763957892E-003
         808   6.0758920578580762E-003
         809   6.0394934445312867E-003
         810   6.0033128238339778E-003
         811   5.9673488910327111E-003
         812   5.9316003491761511E-003
         813   5.8960659090917028E-003
         814   5.8607442892888032E-003
         815   5.8256342159452301E-003
         816   5.7907344228536215E-003
         817   5.7560436513766069E-003
         818   5.7215606503909569E-003
         819   5.6872841762609302E-003
         820   5.6532129927811042E-003
         821   5.6193458711371073E-003
         822   5.5856815898605895E-003
         823   5.5522189347796983E-003
         824   5.5189566989895852E-003
         825   5.4858936827926171E-003
         826   5.4530286936695892E-003
         827   5.4203605462225819E-003
         828   5.3878880621476876E-003
         829   5.3556100701803539E-003
         830   5.3235254060679171E-003
         831   5.2916329125011485E-003
         832   5.2599314391060976E-003
         833   5.2284198423791003E-003
         834   5.1970969856541954E-003
         835   5.1659617390668391E-003
         836   5.1350129794986441E-003
         837   5.1042495905559366E-003
         838   5.0736704625105270E-003
         839   5.0432744922805873E-003
         840   5.0130605833720882E-003
         841   4.9830276458509301E-003
         842   4.9531745963000756E-003
         843   4.9235003577811770E-003
         844   4.8940038597939765E-003
         845   4.8646840382433913E-003
         846   4.8355398353948685E-003
         847   4.8065701998380641E-003
         848   4.7777740864543110E-003
         849   4.7491504563732488E-003
         850   4.7206982769342522E-003
         851   4.6924165216571988E-003
         852   4.6643041702007391E-003
         853   4.6363602083222448E-003
         854   4.6085836278457583E-003
         855   4.5809734266277057E-003
         856   4.5535286085154900E-003
         857   4.5262481833182565E-003
         858   4.4991311667604509E-003
         859   4.4721765804630817E-003
         860   4.4453834518943481E-003
         861   4.4187508143319915E-003
         862   4.3922777068510143E-003
         863   4.3659631742639727E-003
         864   4.3398062671004024E-003
         865   4.3138060415678784E-003
         866   4.2879615595177809E-003
         867   4.2622718884168121E-003
         868   4.2367361013108179E-003
         869   4.2113532767856492E-003
         870   4.1861224989451027E-003
         871   4.1610428573640315E-003
         872   4.1361134470719119E-003
         873   4.1113333685101746E-003
         874   4.0867017274943060E-003
         875   4.0622176352018841E-003
         876   4.0378802081130353E-003
         877   4.0136885680086892E-003
         878   3.9896418419137171E-003
         879   3.9657391620772616E-003
         880   3.9419796659445712E-003
         881   3.9183624961134150E-003
         882   3.8948868003227800E-003
         883   3.8715517313960765E-003
         884   3.8483564472408908E-003
         885   3.8253001107924536E-003
         886   3.8023818899964139E-003
         887   3.7796009577822556E-003
         888   3.7569564920206162E-003
         889   3.7344476755025672E-003
         890   3.7120736959164679E-003
         891   3.6898337458019688E-003
         892   3.6677270225349010E-003
         893   3.6457527282915928E-003
         894   3.6239100700254170E-003
         895   3.6021982594321243E-003
         896   3.5806165129278300E-003
         897   3.5591640516121495E-003
         898   3.5378401012530146E-003
         899   3.5166438922425223E-003
         900   3.4955746595878331E-003
         901   3.4746316428662413E-003
         902   3.4538140862061203E-003
         903   3.4331212382702121E-003
         904   3.4125523522030988E-003
         905   3.3921066856245565E-003
         906   3.3717835005970102E-003
         907   3.3515820636033692E-003
         908   3.3315016455114400E-003
         909   3.3115415215496024E-003
         910   3.2917009712905365E-003
         911   3.2719792786171640E-003
         912   3.2523757316948675E-003
         913   3.2328896229534936E-003
         914   3.2135202490543181E-003
         915   3.1942669108690506E-003
         916   3.1751289134551862E-003
         917   3.1561055660306067E-003
         918   3.1371961819406050E-003
         919   3.1184000786477276E-003
         920   3.0997165776965722E-003
         921   3.0811450046949497E-003
         922   3.0626846892830403E-003
         923   3.0443349651190039E-003
         924   3.0260951698412438E-003
         925   3.0079646450619441E-003
         926   2.9899427363267164E-003
         927   2.9720287931041989E-003
         928   2.9542221687528453E-003
         929   2.9365222205058853E-003
         930   2.9189283094380753E-003
         931   2.9014398004543708E-003
         932   2.8840560622596274E-003
         933   2.8667764673321930E-003
         934   2.8496003919190687E-003
         935   2.8325272159888566E-003
         936   2.8155563232260248E-003
         937   2.7986871010106536E-003
         938   2.7819189403778906E-003
         939   2.7652512360157133E-003
         940   2.7486833862415418E-003
         941   2.7322147929584460E-003
         942   2.7158448616646774E-003
         943   2.6995730014105638E-003
         944   2.6833986247876626E-003
         945   2.6673211479006070E-003
         946   2.6513399903535105E-003
         947   2.6354545752175266E-003
         948   2.6196643290276205E-003
         949   2.6039686817470741E-003
         950   2.5883670667479191E-003
         951   2.5728589208024247E-003
         952   2.5574436840486645E-003
         953   2.5421207999812320E-003
         954   2.5268897154218008E-003
         955   2.5117498805052379E-003
         956   2.4967007486647427E-003
         957   2.4817417765935026E-003
         958   2.4668724242471450E-003
         959   2.4520921548140343E-003
         960   2.4374004346929740E-003
         961   2.4227967334801235E-003
         962   2.4082805239417217E-003
         963   2.3938512820083028E-003
         964   2.3795084867452025E-003
         965   2.3652516203358284E-003
         966   2.3510801680673835E-003
         967   2.3369936183010860E-003
         968   2.3229914624697421E-003
         969   2.3090731950496622E-003
         970   2.2952383135420350E-003
         971   2.2814863184522530E-003
         972   2.2678167132878912E-003
         973   2.2542290045190322E-003
         974   2.2407227015757165E-003
         975   2.2272973168273261E-003
         976   2.2139523655557566E-003
         977   2.2006873659523411E-003
         978   2.1875018390906430E-003
         979   2.1743953089111913E-003
         980   2.1613673022080771E-003
         981   2.1484173486054389E-003
         982   2.1355449805435999E-003
         983   2.1227497332681456E-003
         984   2.1100311447992963E-003
         985   2.0973887559343580E-003
         986   2.0848221102093131E-003
         987   2.0723307539020665E-003
         988   2.0599142360021158E-003
         989   2.0475721082007033E-003
         990   2.0353039248775413E-003
         991   2.0231092430729948E-003
         992   2.0109876224878127E-003
         993   1.9989386254596420E-003
         994   1.9869618169346204E-003
         995   1.9750567644813296E-003
         996   1.9632230382466108E-003
         997   1.9514602109596941E-003
         998   1.9397678578950324E-003
         999   1.9281455568834183E-003
        1000   1.9165928882802017E-003
        1001   1.9051094349497315E-003
        1002   1.8936947822618421E-003
        1003   1.8823485180617400E-003
        1004   1.8710702326682740E-003
        1005   1.8598595188515448E-003
        1006   1.8487159718193356E-003
        1007   1.8376391892075958E-003
        1008   1.8266287710586649E-003
        1009   1.8156843198066904E-003
        1010   1.8048054402776622E-003
        1011   1.7939917396510377E-003
        1012   1.7832428274694428E-003
        1013   1.7725583156071722E-003
        1014   1.7619378182671941E-003
        1015   1.7513809519608882E-003
        1016   1.7408873354952941E-003
        1017   1.7304565899635878E-003
        1018   1.7200883387255407E-003
        1019   1.7097822073969514E-003
        1020   1.6995378238368109E-003
        1021   1.6893548181335421E-003
        1022   1.6792328225886822E-003
        1023   1.6691714717078279E-003
        1024   1.6591704021835000E-003
        1025   1.6492292528858246E-003
        1026   1.6393476648510221E-003
        1027   1.6295252812564725E-003
        1028   1.6197617474268252E-003
        1029   1.6100567108008981E-003
        1030   1.6004098209359825E-003
        1031   1.5908207294918529E-003
        1032   1.5812890902006588E-003
        1033   1.5718145588826714E-003
        1034   1.5623967934158469E-003
        1035   1.5530354537184351E-003
        1036   1.5437302017572946E-003
        1037   1.5344807015182009E-003
        1038   1.5252866189991924E-003
        1039   1.5161476222040633E-003
        1040   1.5070633811173195E-003
        1041   1.4980335677035801E-003
        1042   1.4890578558936437E-003
        1043   1.4801359215719124E-003
        1044   1.4712674425593844E-003
        1045   1.4624520986099370E-003
        1046   1.4536895713976319E-003
        1047   1.4449795445012291E-003
        1048   1.4363217033931590E-003
        1049   1.4277157354297321E-003
        1050   1.4191613298424105E-003
        1051   1.4106581777222295E-003
        1052   1.4022059720133916E-003
        1053   1.3938044074945661E-003
        1054   1.3854531807781614E-003
        1055   1.3771519902882538E-003
        1056   1.3689005362584594E-003
        1057   1.3606985207153179E-003
        1058   1.3525456474750008E-003
        1059   1.3444416221265257E-003
        1060   1.3363861520165174E-003
        1061   1.3283789462513091E-003
        1062   1.3204197156761255E-003
        1063   1.3125081728700794E-003
        1064   1.3046440321330861E-003
        1065   1.2968270094738715E-003
        1066   1.2890568226093394E-003
        1067   1.2813331909410088E-003
        1068   1.2736558355494552E-003
        1069   1.2660244791938163E-003
        1070   1.2584388462903006E-003
        1071   1.2508986628996018E-003
        1072   1.2434036567328054E-003
        1073   1.2359535571275116E-003
        1074   1.2285480950426295E-003
        1075   1.2211870030507787E-003
        1076   1.2138700153200832E-003
        1077   1.2065968676196765E-003
        1078   1.1993672972998985E-003
        1079   1.1921810432792160E-003
        1080   1.1850378460436526E-003
        1081   1.1779374476311583E-003
        1082   1.1708795916287296E-003
        1083   1.1638640231583976E-003
        1084   1.1568904888655440E-003
        1085   1.1499587369155975E-003
        1086   1.1430685169860600E-003
        1087   1.1362195802462577E-003
        1088   1.1294116793632129E-003
        1089   1.1226445684819552E-003
        1090   1.1159180032207124E-003
        1091   1.1092317406616416E-003
        1092   1.1025855393426895E-003
        1093   1.0959791592496815E-003
        1094   1.0894123617993417E-003
        1095   1.0828849098494186E-003
        1096   1.0763965676670714E-003
        1097   1.0699471009352330E-003
        1098   1.0635362767438532E-003
        1099   1.0571638635765727E-003
        1100   1.0508296312982690E-003
        1101   1.0445333511615669E-003
        1102   1.0382747957803709E-003
        1103   1.0320537391401124E-003
        1104   1.0258699565739281E-003
        1105   1.0197232247611549E-003
        1106   1.0136133217168134E-003
        1107   1.0075400267958831E-003
        1108   1.0015031206627573E-003
        1109   9.9550238530361768E-004
        1110   9.8953760400627292E-004
        1111   9.8360856136096701E-004
        1112   9.7771504324472062E-004
        1113   9.7185683681711387E-004
        1114   9.6603373051682285E-004
        1115   9.6024551404666481E-004
        1116   9.5449197837035686E-004
        1117   9.4877291570251638E-004
        1118   9.4308811950593935E-004
        1119   9.3743738447316322E-004
        1120   9.3182050653760177E-004
        1121   9.2623728284433281E-004
        1122   9.2068751176435594E-004
        1123   9.1517099286340139E-004
        1124   9.0968752692113081E-004
        1125   9.0423691590387606E-004
        1126   8.9881896296447586E-004
        1127   8.9343347243931207E-004
        1128   8.8808024982692539E-004
        1129   8.8275910180409412E-004
        1130   8.7746983619533083E-004
        1131   8.7221226198215876E-004
        1132   8.6698618929053467E-004
        1133   8.6179142937902234E-004
        1134   8.5662779464259792E-004
        1135   8.5149509859535179E-004
        1136   8.4639315587439052E-004
        1137   8.4132178221679092E-004
        1138   8.3628079448087118E-004
        1139   8.3127001060052637E-004
        1140   8.2628924962185142E-004
        1141   8.2133833165691874E-004
        1142   8.1641707790650270E-004
        1143   8.1152531063831662E-004
        1144   8.0666285318625112E-004
        1145   8.0182952994438709E-004
        1146   7.9702516635436727E-004
        1147   7.9224958890508699E-004
        1148   7.8750262512669914E-004
        1149   7.8278410358201289E-004
        1150   7.7809385386294920E-004
        1151   7.7343170657516881E-004
        1152   7.6879749334780672E-004
        1153   7.6419104681197921E-004
        1154   7.5961220060293108E-004
        1155   7.5506078936060054E-004
        1156   7.5053664870440519E-004
        1157   7.4603961524236150E-004
        1158   7.4156952656489713E-004
        1159   7.3712622123052777E-004
        1160   7.3270953876699045E-004
        1161   7.2831931966453904E-004
        1162   7.2395540536905796E-004
        1163   7.1961763827445367E-004
        1164   7.1530586171860279E-004
        1165   7.1101991998193223E-004
        1166   7.0675965827062437E-004
        1167   7.0252492272778442E-004
        1168   6.9831556040720146E-004
        1169   6.9413141929232207E-004
        1170   6.8997234826295370E-004
        1171   6.8583819711441521E-004
        1172   6.8172881653655987E-004
        1173   6.7764405811862171E-004
        1174   6.7358377433448754E-004
        1175   6.6954781854577743E-004
        1176   6.6553604498902790E-004
        1177   6.6154830877554753E-004
        1178   6.5758446588227981E-004
        1179   6.5364437315568776E-004
        1180   6.4972788829334059E-004
        1181   6.4583486984852467E-004
        1182   6.4196517722199206E-004
        1183   6.3811867065325495E-004
        1184   6.3429521122436265E-004
        1185   6.3049466084495330E-004
        1186   6.2671688225673450E-004
        1187   6.2296173901653178E-004
        1188   6.1922909550887685E-004
        1189   6.1551881692366523E-004
        1190   6.1183076925937164E-004
        1191   6.0816481931536329E-004
        1192   6.0452083469759055E-004
        1193   6.0089868379214323E-004
        1194   5.9729823578710470E-004
        1195   5.9371936064340537E-004
        1196   5.9016192910669161E-004
        1197   5.8662581269725044E-004
        1198   5.8311088370420819E-004
        1199   5.7961701517948152E-004
        1200   5.7614408093589959E-004
        1201   5.7269195554730487E-004
        1202   5.6926051433625689E-004
        1203   5.6584963336643709E-004
        1204   5.6245918945556578E-004
        1205   5.5908906014848702E-004
        1206   5.5573912373189894E-004
        1207   5.5240925921218537E-004
        1208   5.4909934633110707E-004
        1209   5.4580926554763929E-004
        1210   5.4253889803174843E-004
        1211   5.3928812567130991E-004
        1212   5.3605683105985584E-004
        1213   5.3284489749544090E-004
        1214   5.2965220897100991E-004
        1215   5.2647865018111482E-004
        1216   5.2332410650677761E-004
        1217   5.2018846401486547E-004
        1218   5.1707160945644258E-004
        1219   5.1397343026245981E-004
        1220   5.1089381454230535E-004
        1221   5.0783265106237193E-004
        1222   5.0478982926771998E-004
        1223   5.0176523926003045E-004
        1224   4.9875877180432040E-004
        1225   4.9577031831442157E-004
        1226   4.9279977085657652E-004
        1227   4.8984702214674219E-004
        1228   4.8691196554044336E-004
        1229   4.8399449503263350E-004
        1230   4.8109450525276703E-004
        1231   4.7821189146423433E-004
        1232   4.7534654955875611E-004
        1233   4.7249837604484849E-004
        1234   4.6966726805828146E-004
        1235   4.6685312334561149E-004
        1236   4.6405584027033048E-004
        1237   4.6127531780512096E-004
        1238   4.5851145552440703E-004
        1239   4.5576415360613551E-004
        1240   4.5303331282909806E-004
        1241   4.5031883456338802E-004
        1242   4.4762062076114455E-004
        1243   4.4493857398585058E-004
        1244   4.4227259736065455E-004
        1245   4.3962259460218566E-004
        1246   4.3698846999747098E-004
        1247   4.3437012841369472E-004
        1248   4.3176747528159631E-004
        1249   4.2918041660464562E-004
        1250   4.2660885894054031E-004
        1251   4.2405270941703446E-004
        1252   4.2151187571109339E-004
        1253   4.1898626605742066E-004
        1254   4.1647578923662969E-004
        1255   4.1398035457896704E-004
        1256   4.1149987195740874E-004
        1257   4.0903425178163635E-004
        1258   4.0658340500223885E-004
        1259   4.0414724310064518E-004
        1260   4.0172567809196801E-004
        1261   3.9931862251374662E-004
        1262   3.9692598943413945E-004
        1263   3.9454769243130655E-004
        1264   3.9218364561521005E-004
        1265   3.8983376360078055E-004
        1266   3.8749796151304680E-004
        1267   3.8517615499784370E-004
        1268   3.8286826018695268E-004
        1269   3.8057419373750770E-004
        1270   3.7829387278488753E-004
        1271   3.7602721497442197E-004
        1272   3.7377413843981181E-004
        1273   3.7153456180982162E-004
        1274   3.6930840419093061E-004
        1275   3.6709558518365328E-004
        1276   3.6489602486838000E-004
        1277   3.6270964380392869E-004
        1278   3.6053636301845081E-004
        1279   3.5837610402194496E-004
        1280   3.5622878879537081E-004
        1281   3.5409433977912449E-004
        1282   3.5197267988207093E-004
        1283   3.4986373248152011E-004
        1284   3.4776742139977414E-004
        1285   3.4568367093271667E-004
        1286   3.4361240581187426E-004
        1287   3.4155355123544138E-004
        1288   3.3950703284056058E-004
        1289   3.3747277671123527E-004
        1290   3.3545070937576852E-004
        1291   3.3344075780394775E-004
        1292   3.3144284940278377E-004
        1293   3.2945691200909585E-004
        1294   3.2748287390067473E-004
        1295   3.2552066377761619E-004
        1296   3.2357021077088433E-004
        1297   3.2163144443287750E-004
        1298   3.1970429474110275E-004
        1299   3.1778869209305040E-004
        1300   3.1588456730597802E-004
        1301   3.1399185159908954E-004
        1302   3.1211047661954374E-004
        1303   3.1024037441408094E-004
        1304   3.0838147743894682E-004
        1305   3.0653371855797967E-004
        1306   3.0469703103136036E-004
        1307   3.0287134852646346E-004
        1308   3.0105660509995101E-004
        1309   2.9925273521082686E-004
        1310   2.9745967370715286E-004
        1311   2.9567735582637070E-004
        1312   2.9390571719690377E-004
        1313   2.9214469383202253E-004
        1314   2.9039422212859739E-004
        1315   2.8865423886319540E-004
        1316   2.8692468119279594E-004
        1317   2.8520548664746404E-004
        1318   2.8349659313370811E-004
        1319   2.8179793893549562E-004
        1320   2.8010946269849780E-004
        1321   2.7843110343730076E-004
        1322   2.7676280053745106E-004
        1323   2.7510449373954819E-004
        1324   2.7345612315200427E-004
        1325   2.7181762924253556E-004
        1326   2.7018895282929586E-004
        1327   2.6857003508544473E-004
        1328   2.6696081754447001E-004
        1329   2.6536124208420569E-004
        1330   2.6377125093208592E-004
        1331   2.6219078666056892E-004
        1332   2.6061979218582851E-004
        1333   2.5905821077047692E-004
        1334   2.5750598600784449E-004
        1335   2.5596306184630098E-004
        1336   2.5442938254933821E-004
        1337   2.5290489272682815E-004
        1338   2.5138953731698645E-004
        1339   2.4988326158986062E-004
        1340   2.4838601114278875E-004
        1341   2.4689773189652986E-004
        1342   2.4541837009986830E-004
        1343   2.4394787232444282E-004
        1344   2.4248618545201446E-004
        1345   2.4103325669535042E-004
        1346   2.3958903357573205E-004
        1347   2.3815346393187955E-004
        1348   2.3672649591694990E-004
        1349   2.3530807798542743E-004
        1350   2.3389815891376544E-004
        1351   2.3249668777609403E-004
        1352   2.3110361395504276E-004
        1353   2.2971888713524849E-004
        1354   2.2834245730548206E-004
        1355   2.2697427475044184E-004
        1356   2.2561429005712769E-004
        1357   2.2426245410009564E-004
        1358   2.2291871805870821E-004
        1359   2.2158303340114125E-004
        1360   2.2025535188018665E-004
        1361   2.1893562554898961E-004
        1362   2.1762380674058120E-004
        1363   2.1631984807174312E-004
        1364   2.1502370244936563E-004
        1365   2.1373532305930519E-004
        1366   2.1245466336476763E-004
        1367   2.1118167711624329E-004
        1368   2.0991631833587533E-004
        1369   2.0865854131646772E-004
        1370   2.0740830063320905E-004
        1371   2.0616555113471053E-004
        1372   2.0493024792609681E-004
        1373   2.0370234639976496E-004
        1374   2.0248180220109620E-004
        1375   2.0126857124633566E-004
        1376   2.0006260972246998E-004
        1377   1.9886387406876951E-004
        1378   1.9767232098524273E-004
        1379   1.9648790744340928E-004
        1380   1.9531059065947611E-004
        1381   1.9414032811698891E-004
        1382   1.9297707753930898E-004
        1383   1.9182079692182713E-004
        1384   1.9067144449470757E-004
        1385   1.8952897874965219E-004
        1386   1.8839335842680023E-004
        1387   1.8726454250192384E-004
        1388   1.8614249020940416E-004
        1389   1.8502716102483432E-004
        1390   1.8391851466018541E-004
        1391   1.8281651107701787E-004
        1392   1.8172111047205856E-004
        1393   1.8063227328228652E-004
        1394   1.7954996017983406E-004
        1395   1.7847413207443272E-004
        1396   1.7740475011118590E-004
        1397   1.7634177566425128E-004
        1398   1.7528517034341731E-004
        1399   1.7423489598263612E-004
        1400   1.7319091465129547E-004
        1401   1.7215318864293800E-004
        1402   1.7112168047608793E-004
        1403   1.7009635289517996E-004
        1404   1.6907716886714263E-004
        1405   1.6806409158143438E-004
        1406   1.6705708445030181E-004
        1407   1.6605611109607547E-004
        1408   1.6506113537426381E-004
        1409   1.6407212134052676E-004
        1410   1.6308903327957714E-004
        1411   1.6211183567966403E-004
        1412   1.6114049325217976E-004
        1413   1.6017497091142061E-004
        1414   1.5921523378131295E-004
        1415   1.5826124720123193E-004
        1416   1.5731297671660788E-004
        1417   1.5637038807635181E-004
        1418   1.5543344723468737E-004
        1419   1.5450212035371394E-004
        1420   1.5357637379451945E-004
        1421   1.5265617412155871E-004
        1422   1.5174148809890767E-004
        1423   1.5083228268739649E-004
        1424   1.4992852505422795E-004
        1425   1.4903018255362768E-004
        1426   1.4813722273903569E-004
        1427   1.4724961336149033E-004
        1428   1.4636732235867884E-004
        1429   1.4549031786481701E-004
        1430   1.4461856820650309E-004
        1431   1.4375204189694430E-004
        1432   1.4289070763668149E-004
        1433   1.4203453431962520E-004
        1434   1.4118349102022488E-004
        1435   1.4033754700071608E-004
        1436   1.3949667170871940E-004
        1437   1.3866083477195008E-004
        1438   1.3783000600299899E-004
        1439   1.3700415539345931E-004
        1440   1.3618325311456000E-004
        1441   1.3536726951827340E-004
        1442   1.3455617513215870E-004
        1443   1.3374994065952655E-004
        1444   1.3294853698411332E-004
        1445   1.3215193515871593E-004
        1446   1.3136010641292599E-004
        1447   1.3057302214638931E-004
        1448   1.2979065393047500E-004
        1449   1.2901297351018427E-004
        1450   1.2823995279548337E-004
        1451   1.2747156386472760E-004
        1452   1.2670777896858106E-004
        1453   1.2594857051963766E-004
        1454   1.2519391109515584E-004
        1455   1.2444377343904682E-004
        1456   1.2369813046195438E-004
        1457   1.2295695522654502E-004
        1458   1.2222022096632581E-004
        1459   1.2148790107143816E-004
        1460   1.2075996909006133E-004
        1461   1.2003639873479636E-004
        1462   1.1931716386958175E-004
        1463   1.1860223851258089E-004
        1464   1.1789159684982354E-004
        1465   1.1718521321308565E-004
        1466   1.1648306208354642E-004
        1467   1.1578511810304087E-004
        1468   1.1509135606658372E-004
        1469   1.1440175091470707E-004
        1470   1.1371627774161849E-004
        1471   1.1303491178434466E-004
        1472   1.1235762844137325E-004
        1473   1.1168440324222535E-004
        1474   1.1101521187964644E-004
        1475   1.1035003017657109E-004
        1476   1.0968883411084296E-004
        1477   1.0903159980071888E-004
        1478   1.0837830351174641E-004
        1479   1.0772892164255859E-004
        1480   1.0708343074217353E-004
        1481   1.0644180749506729E-004
        1482   1.0580402872846339E-004
        1483   1.0517007140587322E-004
        1484   1.0453991263311110E-004
        1485   1.0391352964480301E-004
        1486   1.0329089982028710E-004
        1487   1.0267200067183696E-004
        1488   1.0205680984493640E-004
        1489   1.0144530512143166E-004
        1490   1.0083746441215371E-004
        1491   1.0023326576479141E-004
        1492   9.9632687358703820E-005
        1493   9.9035707499156309E-005
        1494   9.8442304625096283E-005
        1495   9.7852457304945930E-005
        1496   9.7266144233686355E-005
        1497   9.6683344235265072E-005
        1498   9.6104036261439259E-005
        1499   9.5528199386550833E-005
        1500   9.4955812812717063E-005
        1501   9.4386855866367470E-005
        1502   9.3821308000952036E-005
        1503   9.3259148784940026E-005
        1504   9.2700357919109515E-005
        1505   9.2144915215115462E-005
        1506   9.1592800618504503E-005
        1507   9.1043994183073461E-005
        1508   9.0498476087995090E-005
        1509   8.9956226631361061E-005
        1510   8.9417226227278163E-005
        1511   8.8881455407223276E-005
        1512   8.8348894821121580E-005
        1513   8.7819525234657275E-005
        1514   8.7293327528036789E-005
        1515   8.6770282692522925E-005
        1516   8.6250371840693784E-005
        1517   8.5733576195965371E-005
        1518   8.5219877086585731E-005
        1519   8.4709255961853023E-005
        1520   8.4201694381385632E-005
        1521   8.3697174008536660E-005
        1522   8.3195676623496834E-005
        1523   8.2697184114322039E-005
        1524   8.2201678474529442E-005
        1525   8.1709141809811710E-005
        1526   8.1219556326878739E-005
        1527   8.0732904343486895E-005
        1528   8.0249168284712104E-005
        1529   7.9768330680694998E-005
        1530   7.9290374159161033E-005
        1531   7.8815281461130116E-005
        1532   7.8343035424716022E-005
        1533   7.7873618996838329E-005
        1534   7.7407015218293896E-005
        1535   7.6943207240588824E-005
        1536   7.6482178311134389E-005
        1537   7.6023911775653338E-005
        1538   7.5568391083978955E-005
        1539   7.5115599783718597E-005
        1540   7.4665521522244055E-005
        1541   7.4218140040442919E-005
        1542   7.3773439181104380E-005
        1543   7.3331402883871304E-005
        1544   7.2892015184129378E-005
        1545   7.2455260206575318E-005
        1546   7.2021122183737324E-005
        1547   7.1589585430781186E-005
        1548   7.1160634358819315E-005
        1549   7.0734253482086304E-005
        1550   7.0310427397130744E-005
        1551   6.9889140792859692E-005
        1552   6.9470378459270444E-005
        1553   6.9054125267938580E-005
        1554   6.8640366184534552E-005
        1555   6.8229086264015801E-005
        1556   6.7820270652790298E-005
        1557   6.7413904588540860E-005
        1558   6.7009973388653746E-005
        1559   6.6608462465151511E-005
        1560   6.6209357320178941E-005
        1561   6.5812643533886823E-005
        1562   6.5418306781650759E-005
        1563   6.5026332816798342E-005
        1564   6.4636707484501033E-005
        1565   6.4249416712811543E-005
        1566   6.3864446511670083E-005
        1567   6.3481782978025241E-005
        1568   6.3101412290989263E-005
        1569   6.2723320709273959E-005
        1570   6.2347494582139272E-005
        1571   6.1973920330102788E-005
        1572   6.1602584466237382E-005
        1573   6.1233473569624611E-005
        1574   6.0866574317539574E-005
        1575   6.0501873453418346E-005
        1576   6.0139357808758989E-005
        1577   5.9779014286995183E-005
        1578   5.9420829872115292E-005
        1579   5.9064791629593341E-005
        1580   5.8710886699968331E-005
        1581   5.8359102300330785E-005
        1582   5.8009425727156957E-005
        1583   5.7661844345955623E-005
        1584   5.7316345605631304E-005
        1585   5.6972917026785877E-005
        1586   5.6631546206526698E-005
        1587   5.6292220815054530E-005
        1588   5.5954928592947571E-005
        1589   5.5619657363455849E-005
        1590   5.5286395012781815E-005
        1591   5.4955129508093063E-005
        1592   5.4625848881421271E-005
        1593   5.4298541239748170E-005
        1594   5.3973194763101649E-005
        1595   5.3649797701351379E-005
        1596   5.3328338368815980E-005
        1597   5.3008805162618298E-005
        1598   5.2691186535337308E-005
        1599   5.2375471017587956E-005
        1600   5.2061647208871364E-005
        1601   5.1749703769916911E-005
        1602   5.1439629436744391E-005
        1603   5.1131413008873577E-005
        1604   5.0825043352659213E-005
        1605   5.0520509407738313E-005
        1606   5.0217800170400680E-005
        1607   4.9916904706500506E-005
        1608   4.9617812151981330E-005
        1609   4.9320511701923118E-005
        1610   4.9024992620454646E-005
        1611   4.8731244232593105E-005
        1612   4.8439255927569279E-005
        1613   4.8149017161708235E-005
        1614   4.7860517448661487E-005
        1615   4.7573746367564961E-005
        1616   4.7288693570489769E-005
        1617   4.7005348749660181E-005
        1618   4.6723701680105905E-005
        1619   4.6443742182857722E-005
        1620   4.6165460150824158E-005
        1621   4.5888845530836229E-005
        1622   4.5613888332294821E-005
        1623   4.5340578623264621E-005
        1624   4.5068906535253212E-005
        1625   4.4798862254095029E-005
        1626   4.4530436026868368E-005
        1627   4.4263618157670606E-005
        1628   4.3998399008137174E-005
        1629   4.3734769003278941E-005
        1630   4.3472718616609429E-005
        1631   4.3212238385118610E-005
        1632   4.2953318903796931E-005
        1633   4.2695950816507143E-005
        1634   4.2440124830485426E-005
        1635   4.2185831703157608E-005
        1636   4.1933062251535706E-005
        1637   4.1681807346922832E-005
        1638   4.1432057911927443E-005
        1639   4.1183804931289044E-005
        1640   4.0937039433166000E-005
        1641   4.0691752505145287E-005
        1642   4.0447935289152876E-005
        1643   4.0205578981223193E-005
        1644   3.9964674823546840E-005
        1645   3.9725214118945783E-005
        1646   3.9487188217879592E-005
        1647   3.9250588518860014E-005
        1648   3.9015406481867024E-005
        1649   3.8781633611334678E-005
        1650   3.8549261461058268E-005
        1651   3.8318281643371088E-005
        1652   3.8088685809739468E-005
        1653   3.7860465671856280E-005
        1654   3.7633612984248745E-005
        1655   3.7408119554771070E-005
        1656   3.7183977239059063E-005
        1657   3.6961177942052912E-005
        1658   3.6739713614487037E-005
        1659   3.6519576258619795E-005
        1660   3.6300757920620865E-005
        1661   3.6083250704166520E-005
        1662   3.5867046751094330E-005
        1663   3.5652138245814465E-005
        1664   3.5438517433719063E-005
        1665   3.5226176596728456E-005
        1666   3.5015108064387770E-005
        1667   3.4805304214679431E-005
        1668   3.4596757470138708E-005
        1669   3.4389460296934566E-005
        1670   3.4183405209143062E-005
        1671   3.3978584762640225E-005
        1672   3.3774991563988394E-005
        1673   3.3572618251829868E-005
        1674   3.3371457525644889E-005
        1675   3.3171502117098447E-005
        1676   3.2972744799663779E-005
        1677   3.2775178401736394E-005
        1678   3.2578795780224891E-005
        1679   3.2383589848294304E-005
        1680   3.2189553549798866E-005
        1681   3.1996679884310475E-005
        1682   3.1804961878195538E-005
        1683   3.1614392608637935E-005
        1684   3.1424965197187633E-005
        1685   3.1236672796171765E-005
        1686   3.1049508604715080E-005
        1687   3.0863465870614335E-005
        1688   3.0678537867229231E-005
        1689   3.0494717913263820E-005
        1690   3.0311999375780872E-005
        1691   3.0130375655129329E-005
        1692   2.9949840185531361E-005
        1693   2.9770386453076176E-005
        1694   2.9592007971097775E-005
        1695   2.9414698300903345E-005
        1696   2.9238451033537979E-005
        1697   2.9063259806477706E-005
        1698   2.8889118294141004E-005
        1699   2.8716020204930567E-005
        1700   2.8543959282140465E-005
        1701   2.8372929318371706E-005
        1702   2.8202924133383941E-005
        1703   2.8033937584537024E-005
        1704   2.7865963574017734E-005
        1705   2.7698996030946507E-005
        1706   2.7533028923415623E-005
        1707   2.7368056260715338E-005
        1708   2.7204072083214505E-005
        1709   2.7041070466737257E-005
        1710   2.6879045524690003E-005
        1711   2.6717991405482826E-005
        1712   2.6557902292211443E-005
        1713   2.6398772401287587E-005
        1714   2.6240595987797633E-005
        1715   2.6083367334404181E-005
        1716   2.5927080768110425E-005
        1717   2.5771730639909209E-005
        1718   2.5617311340041061E-005
        1719   2.5463817290315909E-005
        1720   2.5311242948053360E-005
        1721   2.5159582801835065E-005
        1722   2.5008831377512114E-005
        1723   2.4858983221605182E-005
        1724   2.4710032930982162E-005
        1725   2.4561975118442709E-005
        1726   2.4414804443379105E-005
        1727   2.4268515585957224E-005
        1728   2.4123103264012063E-005
        1729   2.3978562224280613E-005
        1730   2.3834887247400149E-005
        1731   2.3692073141180574E-005
        1732   2.3550114752673939E-005
        1733   2.3409006951101284E-005
        1734   2.3268744638872574E-005
        1735   2.3129322754788646E-005
        1736   2.2990736258787453E-005
        1737   2.2852980145505341E-005
        1738   2.2716049440111124E-005
        1739   2.2579939199267368E-005
        1740   2.2444644503241822E-005
        1741   2.2310160467521518E-005
        1742   2.2176482235385033E-005
        1743   2.2043604976453338E-005
        1744   2.1911523895127527E-005
        1745   2.1780234216572601E-005
        1746   2.1649731200660908E-005
        1747   2.1520010134902070E-005
        1748   2.1391066332396765E-005
        1749   2.1262895137162802E-005
        1750   2.1135491918499079E-005
        1751   2.1008852076070318E-005
        1752   2.0882971034176343E-005
        1753   2.0757844248915922E-005
        1754   2.0633467198278325E-005
        1755   2.0509835393184594E-005
        1756   2.0386944363498518E-005
        1757   2.0264789675177477E-005
        1758   2.0143366913882486E-005
        1759   2.0022671694439885E-005
        1760   1.9902699660614672E-005
        1761   1.9783446473522616E-005
        1762   1.9664907826581253E-005
        1763   1.9547079445019286E-005
        1764   1.9429957068517079E-005
        1765   1.9313536462709243E-005
        1766   1.9197813430634844E-005
        1767   1.9082783787181352E-005
        1768   1.8968443379434908E-005
        1769   1.8854788078728346E-005
        1770   1.8741813776969607E-005
        1771   1.8629516396626212E-005
        1772   1.8517891882312716E-005
        1773   1.8406936199544540E-005
        1774   1.8296645340869477E-005
        1775   1.8187015327536702E-005
        1776   1.8078042194230374E-005
        1777   1.7969722005257952E-005
        1778   1.7862050855317681E-005
        1779   1.7755024845306827E-005
        1780   1.7648640116334932E-005
        1781   1.7542892824090741E-005
        1782   1.7437779148674496E-005
        1783   1.7333295296992975E-005
        1784   1.7229437490939828E-005
        1785   1.7126201980987554E-005
        1786   1.7023585037808589E-005
        1787   1.6921582959100456E-005
        1788   1.6820192054656058E-005
        1789   1.6719408665365132E-005
        1790   1.6619229150822786E-005
        1791   1.6519649893347127E-005
        1792   1.6420667296541159E-005
        1793   1.6322277783003282E-005
        1794   1.6224477800605480E-005
        1795   1.6127263817722578E-005
        1796   1.6030632323832808E-005
        1797   1.5934579826081202E-005
        1798   1.5839102857502967E-005
        1799   1.5744197966968343E-005
        1800   1.5649861730419103E-005
        1801   1.5556090738580710E-005
        1802   1.5462881602571932E-005
        1803   1.5370230958403102E-005
        1804   1.5278135461556318E-005
        1805   1.5186591781949004E-005
        1806   1.5095596614441663E-005
        1807   1.5005146670533620E-005
        1808   1.4915238689597306E-005
        1809   1.4825869417257193E-005
        1810   1.4737035631170860E-005
        1811   1.4648734118218131E-005
        1812   1.4560961690948443E-005
        1813   1.4473715179514546E-005
        1814   1.4386991431580122E-005
        1815   1.4300787318053065E-005
        1816   1.4215099721060465E-005
        1817   1.4129925550799674E-005
        1818   1.4045261725052663E-005
        1819   1.3961105188972059E-005
        1820   1.3877452903433545E-005
        1821   1.3794301847671029E-005
        1822   1.3711649015306121E-005
        1823   1.3629491425390699E-005
        1824   1.3547826105647454E-005
        1825   1.3466650111208950E-005
        1826   1.3385960504183325E-005
        1827   1.3305754377731812E-005
        1828   1.3226028829554190E-005
        1829   1.3146780982250949E-005
        1830   1.3068007972074934E-005
        1831   1.2989706954312091E-005
        1832   1.2911875101231565E-005
        1833   1.2834509605435888E-005
        1834   1.2757607664159495E-005
        1835   1.2681166507769752E-005
        1836   1.2605183369586509E-005
        1837   1.2529655509884654E-005
        1838   1.2454580199986728E-005
        1839   1.2379954724848705E-005
        1840   1.2305776391215483E-005
        1841   1.2232042522836930E-005
        1842   1.2158750450435792E-005
        1843   1.2085897531511344E-005
        1844   1.2013481132511565E-005
        1845   1.1941498640206211E-005
        1846   1.1869947454210369E-005
        1847   1.1798824986992833E-005
        1848   1.1728128670767665E-005
        1849   1.1657855956834200E-005
        1850   1.1588004303983324E-005
        1851   1.1518571185795756E-005
        1852   1.1449554097746994E-005
        1853   1.1380950549781054E-005
        1854   1.1312758059023204E-005
        1855   1.1244974164586861E-005
        1856   1.1177596419822541E-005
        1857   1.1110622387312719E-005
        1858   1.1044049654515085E-005
        1859   1.0977875809381347E-005
        1860   1.0912098465866118E-005
        1861   1.0846715249369722E-005
        1862   1.0781723796153848E-005
        1863   1.0717121757081387E-005
        1864   1.0652906800817458E-005
        1865   1.0589076612743440E-005
        1866   1.0525628878623356E-005
        1867   1.0462561316448108E-005
        1868   1.0399871637050995E-005
        1869   1.0337557585578391E-005
        1870   1.0275616908383985E-005
        1871   1.0214047364803087E-005
        1872   1.0152846737648576E-005
        1873   1.0092012811456849E-005
        1874   1.0031543389605726E-005
        1875   9.9714362918238543E-006
        1876   9.9116893423461993E-006
        1877   9.8523003851077770E-006
        1878   9.7932672744125639E-006
        1879   9.7345878819791188E-006
        1880   9.6762600822704685E-006
        1881   9.6182817724806228E-006
        1882   9.5606508582977126E-006
        1883   9.5033652599458044E-006
        1884   9.4464228999230635E-006
        1885   9.3898217326468214E-006
        1886   9.3335597069599077E-006
        1887   9.2776347939531334E-006
        1888   9.2220449712134605E-006
        1889   9.1667882311430184E-006
        1890   9.1118625809116795E-006
        1891   9.0572660335705542E-006
        1892   9.0029966188003998E-006
        1893   8.9490523755931883E-006
        1894   8.8954313588665105E-006
        1895   8.8421316239115917E-006
        1896   8.7891512541228435E-006
        1897   8.7364883317325550E-006
        1898   8.6841409554981740E-006
        1899   8.6321072349189356E-006
        1900   8.5803852910420968E-006
        1901   8.5289732546387583E-006
        1902   8.4778692697489169E-006
        1903   8.4270714896326620E-006
        1904   8.3765780788920797E-006
        1905   8.3263872191693074E-006
        1906   8.2764970890689580E-006
        1907   8.2269058943853563E-006
        1908   8.1776118374645814E-006
        1909   8.1286131434183575E-006
        1910   8.0799080412779337E-006
        1911   8.0314947680912311E-006
        1912   7.9833715791555449E-006
        1913   7.9355367358483743E-006
        1914   7.8879885102713620E-006
        1915   7.8407251827353621E-006
        1916   7.7937450487084731E-006
        1917   7.7470464111287723E-006
        1918   7.7006275822971492E-006
        1919   7.6544868885593348E-006
        1920   7.6086226589114669E-006
        1921   7.5630332375135218E-006
        1922   7.5177169818086587E-006
        1923   7.4726722515906647E-006
        1924   7.4278974203602829E-006
        1925   7.3833908751649075E-006
        1926   7.3391509994748236E-006
        1927   7.2951762014367281E-006
        1928   7.2514648952055302E-006
        1929   7.2080154969298911E-006
        1930   7.1648264383662265E-006
        1931   7.1218961622033758E-006
        1932   7.0792231141393027E-006
        1933   7.0368057588140639E-006
        1934   6.9946425547465104E-006
        1935   6.9527319858400947E-006
        1936   6.9110725409321696E-006
        1937   6.8696627084684798E-006
        1938   6.8285009955241273E-006
        1939   6.7875859150692550E-006
        1940   6.7469159932712560E-006
        1941   6.7064897564339424E-006
        1942   6.6663057457716987E-006
        1943   6.6263625101406815E-006
        1944   6.5866586064985551E-006
        1945   6.5471926004911775E-006
        1946   6.5079630663209720E-006
        1947   6.4689685912977366E-006
        1948   6.4302077605564456E-006
        1949   6.3916791801377187E-006
        1950   6.3533814529706660E-006
        1951   6.3153131998721039E-006
        1952   6.2774730452249186E-006
        1953   6.2398596217247503E-006
        1954   6.2024715680282025E-006
        1955   6.1653075415886847E-006
        1956   6.1283661909459080E-006
        1957   6.0916461854243741E-006
        1958   6.0551461981128078E-006
        1959   6.0188649174623502E-006
        1960   5.9828010211354845E-006
        1961   5.9469532172477495E-006
        1962   5.9113202044053676E-006
        1963   5.8759006975946394E-006
        1964   5.8406934176138939E-006
        1965   5.8056970953557965E-006
        1966   5.7709104618731798E-006
        1967   5.7363322628045788E-006
        1968   5.7019612514960758E-006
        1969   5.6677961847556371E-006
        1970   5.6338358265886797E-006
        1971   5.6000789548052730E-006
        1972   5.5665243472958774E-006
        1973   5.5331707926361444E-006
        1974   5.5000170859824429E-006
        1975   5.4670620302945738E-006
        1976   5.4343044321157189E-006
        1977   5.4017431156077251E-006
        1978   5.3693768969393187E-006
        1979   5.3372046125912982E-006
        1980   5.3052250988225018E-006
        1981   5.2734371973292988E-006
        1982   5.2418397646643027E-006
        1983   5.2104316587560264E-006
        1984   5.1792117432099585E-006
        1985   5.1481788926174389E-006
        1986   5.1173319820378212E-006
        1987   5.0866699045943859E-006
        1988   5.0561915435943811E-006
        1989   5.0258958071457076E-006
        1990   4.9957815943848177E-006
        1991   4.9658478216520744E-006
        1992   4.9360934057585042E-006
        1993   4.9065172731504617E-006
        1994   4.8771183559561232E-006
        1995   4.8478955906477448E-006
        1996   4.8188479189812901E-006
        1997   4.7899743019381751E-006
        1998   4.7612736857566103E-006
        1999   4.7327450403380969E-006
        2000   4.7043873319930158E-006
        2001   4.6761995392885404E-006
        2002   4.6481806404302028E-006
        2003   4.6203296261586342E-006
        2004   4.5926454891333433E-006
        2005   4.5651272307820626E-006
        2006   4.5377738569363755E-006
        2007   4.5105843801685148E-006
        2008   4.4835578137436169E-006
        2009   4.4566931900826976E-006
        2010   4.4299895312845313E-006
        2011   4.4034458784184841E-006
        2012   4.3770612653115374E-006
        2013   4.3508347477447104E-006
        2014   4.3247653755211937E-006
        2015   4.2988522007675345E-006
        2016   4.2730942952143128E-006
        2017   4.2474907305309470E-006
        2018   4.2220405725466799E-006
        2019   4.1967429076407490E-006
        2020   4.1715968227379467E-006
        2021   4.1466014074005542E-006
        2022   4.1217557614903127E-006
        2023   4.0970589842540375E-006
        2024   4.0725101866361106E-006
        2025   4.0481084817549257E-006
        2026   4.0238529858097378E-006
        2027   3.9997428228707301E-006
        2028   3.9757771235521099E-006
        2029   3.9519550234758432E-006
        2030   3.9282756602339873E-006
        2031   3.9047381795553078E-006
        2032   3.8813417311800973E-006
        2033   3.8580854695353088E-006
        2034   3.8349685551524296E-006
        2035   3.8119901537823906E-006
        2036   3.7891494326979056E-006
        2037   3.7664455708419681E-006
        2038   3.7438777463725711E-006
        2039   3.7214451424270170E-006
        2040   3.6991469510522573E-006
        2041   3.6769823652125422E-006
        2042   3.6549505862410802E-006
        2043   3.6330508171929484E-006
        2044   3.6112822689738627E-006
        2045   3.5896441518220286E-006
        2046   3.5681356882630152E-006
        2047   3.5467560972680296E-006
        2048   3.5255046084773900E-006
        2049   3.5043804550134011E-006
        2050   3.4833828756016075E-006
        2051   3.4625111072306010E-006
        2052   3.4417643982340513E-006
        2053   3.4211420023330926E-006
        2054   3.4006431698337603E-006
        2055   3.3802671635971672E-006
        2056   3.3600132448715391E-006
        2057   3.3398806848022340E-006
        2058   3.3198687554914240E-006
        2059   3.2999767327699335E-006
        2060   3.2802038995358087E-006
        2061   3.2605495411026354E-006
        2062   3.2410129481516049E-006
        2063   3.2215934151622167E-006
        2064   3.2022902403517448E-006
        2065   3.1831027271898348E-006
        2066   3.1640301785871413E-006
        2067   3.1450719129871830E-006
        2068   3.1262272388434646E-006
        2069   3.1074954824045766E-006
        2070   3.0888759598087190E-006
        2071   3.0703680026375003E-006
        2072   3.0519709426671791E-006
        2073   3.0336841103899693E-006
        2074   3.0155068523301710E-006
        2075   2.9974385091497526E-006
        2076   2.9794784275102080E-006
        2077   2.9616259605773464E-006
        2078   2.9438804612549777E-006
        2079   2.9262412889575757E-006
        2080   2.9087078066600080E-006
        2081   2.8912793839031328E-006
        2082   2.8739553877376861E-006
        2083   2.8567351927186569E-006
        2084   2.8396181798176518E-006
        2085   2.8226037270351505E-006
        2086   2.8056912222569117E-006
        2087   2.7888800541596178E-006
        2088   2.7721696156184779E-006
        2089   2.7555593019371958E-006
        2090   2.7390485143688849E-006
        2091   2.7226366570330117E-006
        2092   2.7063231353616767E-006
        2093   2.6901073625604916E-006
        2094   2.6739887504168120E-006
        2095   2.6579667179462761E-006
        2096   2.6420406885089390E-006
        2097   2.6262100820712265E-006
        2098   2.6104743319382766E-006
        2099   2.5948328667328192E-006
        2100   2.5792851214085656E-006
        2101   2.5638305337461996E-006
        2102   2.5484685491189755E-006
        2103   2.5331986120249199E-006
        2104   2.5180201662080219E-006
        2105   2.5029326687600703E-006
        2106   2.4879355715304636E-006
        2107   2.4730283346577032E-006
        2108   2.4582104214125546E-006
        2109   2.4434812913807260E-006
        2110   2.4288404143210795E-006
        2111   2.4142872655675737E-006
        2112   2.3998213150575396E-006
        2113   2.3854420432247155E-006
        2114   2.3711489261951783E-006
        2115   2.3569414531010309E-006
        2116   2.3428191086337569E-006
        2117   2.3287813835487392E-006
        2118   2.3148277680773042E-006
        2119   2.3009577605915070E-006
        2120   2.2871708596219951E-006
        2121   2.2734665658913261E-006
        2122   2.2598443866317742E-006
        2123   2.2463038284411558E-006
        2124   2.2328444018830628E-006
        2125   2.2194656239605582E-006
        2126   2.2061670087868651E-006
        2127   2.1929480761299782E-006
        2128   2.1798083487771105E-006
        2129   2.1667473525564094E-006
        2130   2.1537646115433501E-006
        2131   2.1408596630597908E-006
        2132   2.1280320411632176E-006
        2133   2.1152812777094490E-006
        2134   2.1026069137191394E-006
        2135   2.0900084942744565E-006
        2136   2.0774855601077872E-006
        2137   2.0650376608601255E-006
        2138   2.0526643488335665E-006
        2139   2.0403651740868171E-006
        2140   2.0281396935493458E-006
        2141   2.0159874661865509E-006
        2142   2.0039080532396789E-006
        2143   1.9919010167025730E-006
        2144   1.9799659260934861E-006
        2145   1.9681023459326254E-006
        2146   1.9563098517811427E-006
        2147   1.9445880144809918E-006
        2148   1.9329364122106021E-006
        2149   1.9213546252998128E-006
        2150   1.9098422339649159E-006
        2151   1.8983988225266477E-006
        2152   1.8870239782552784E-006
        2153   1.8757172875066617E-006
        2154   1.8644783476824225E-006
        2155   1.8533067493146115E-006
        2156   1.8422020858032032E-006
        2157   1.8311639620594929E-006
        2158   1.8201919767898727E-006
        2159   1.8092857322940995E-006
        2160   1.7984448349987891E-006
        2161   1.7876688969724043E-006
        2162   1.7769575258480825E-006
        2163   1.7663103331814491E-006
        2164   1.7557269360614061E-006
        2165   1.7452069554826076E-006
        2166   1.7347500083163069E-006
        2167   1.7243557151253818E-006
        2168   1.7140237037712543E-006
        2169   1.7037535989198351E-006
        2170   1.6935450313897757E-006
        2171   1.6833976339172347E-006
        2172   1.6733110344433363E-006
        2173   1.6632848736041972E-006
        2174   1.6533187872219567E-006
        2175   1.6434124128509974E-006
        2176   1.6335653998067174E-006
        2177   1.6237773860766444E-006
        2178   1.6140480208115902E-006
        2179   1.6043769504781889E-006
        2180   1.5947638328911105E-006
        2181   1.5852083090116736E-006
        2182   1.5757100429392242E-006
        2183   1.5662686860681841E-006
        2184   1.5568839053116525E-006
        2185   1.5475553507101563E-006
        2186   1.5382826929429593E-006
        2187   1.5290655960870248E-006
        2188   1.5199037258078622E-006
        2189   1.5107967511686584E-006
        2190   1.5017443441023896E-006
        2191   1.4927461790152011E-006
        2192   1.4838019271836388E-006
        2193   1.4749112678585979E-006
        2194   1.4660738799750216E-006
        2195   1.4572894449758830E-006
        2196   1.4485576443298921E-006
        2197   1.4398781611377831E-006
        2198   1.4312506855718041E-006
        2199   1.4226749054268121E-006
        2200   1.4141505067872656E-006
        2201   1.4056771858696732E-006
        2202   1.3972546351900693E-006
        2203   1.3888825512279434E-006
        2204   1.3805606313335300E-006
        2205   1.3722885754276785E-006
        2206   1.3640660814157840E-006
        2207   1.3558928572851325E-006
        2208   1.3477686036059301E-006
        2209   1.3396930325389495E-006
        2210   1.3316658465064286E-006
        2211   1.3236867583263243E-006
        2212   1.3157554781769628E-006
        2213   1.3078717219446573E-006
        2214   1.3000352013765470E-006
        2215   1.2922456394162362E-006
        2216   1.2845027495786890E-006
        2217   1.2768062529900166E-006
        2218   1.2691558727255329E-006
        2219   1.2615513310720193E-006
        2220   1.2539923558250269E-006
        2221   1.2464786725392341E-006
        2222   1.2390100098203047E-006
        2223   1.2315860972975282E-006
        2224   1.2242066690023914E-006
        2225   1.2168714548638397E-006
        2226   1.2095801912843632E-006
        2227   1.2023326180225314E-006
        2228   1.1951284686705046E-006
        2229   1.1879674883266065E-006
        2230   1.1808494120358787E-006
        2231   1.1737739864875883E-006
        2232   1.1667409547150882E-006
        2233   1.1597500674785939E-006
        2234   1.1528010633164654E-006
        2235   1.1458936990897610E-006
        2236   1.1390277222440897E-006
        2237   1.1322028842157694E-006
        2238   1.1254189404917629E-006
        2239   1.1186756436513078E-006
        2240   1.1119727513475120E-006
        2241   1.1053100241662050E-006
        2242   1.0986872143693080E-006
        2243   1.0921040894552268E-006
        2244   1.0855604106719349E-006
        2245   1.0790559388414754E-006
        2246   1.0725904409313349E-006
        2247   1.0661636820330955E-006
        2248   1.0597754329478674E-006
        2249   1.0534254587655524E-006
        2250   1.0471135335705607E-006
        2251   1.0408394318080597E-006
        2252   1.0346029184467650E-006
        2253   1.0284037756609629E-006
        2254   1.0222417740982601E-006
        2255   1.0161166960480934E-006
        2256   1.0100283186299880E-006
        2257   1.0039764199105602E-006
